1	15724
10	22436
100	1588
1000	164
1001	12
1002	188
1003	584
1004	1420
1005	668
1006	1416
1007	708
1008	640
1009	1044
101	2988
1010	908
1011	1196
1012	1228
1013	3136
1014	660
1015	2528
1016	560
1017	2512
1018	444
1019	4640
102	692
1020	4548
1021	1116
1022	6632
1023	1236
1024	872
1025	1840
1026	96
1027	2532
1028	10636
1029	2864
103	1064
1030	1312
1031	2992
1032	2552
1033	2924
1034	556
1035	10768
1036	9992
1037	5380
1038	100
1039	52
104	6644
1040	180
1041	2040
1042	6692
1043	492
1044	564
1045	12
1046	996
1047	3268
1049	4144
105	3188
1050	1652
1051	528
1052	56
1053	92
1054	768
1055	104
1056	696
1057	1220
1058	124
1059	3376
106	120
1060	3628
1061	6552
1062	16
1063	196
1064	968
1065	12
1066	528
1067	100
1068	92
1069	560
107	2040
1070	48
1071	36
1073	22296
1075	48
1076	256
1077	2364
1078	2728
1079	7432
108	132
1080	6776
1081	3440
1082	776
1083	1388
1084	3452
1085	1176
1086	1956
1087	320
1088	3728
1089	18412
109	6
1090	11420
1091	3844
1092	8516
1093	5440
1094	10472
1095	4512
1096	3140
1097	23924
1098	180
1099	1700
11	15292
110	40596
1100	3996
1101	15424
1102	72
1103	4216
1104	4772
1105	760
1106	40
1107	76
1109	16
111	17760
1110	40
1111	1220
1112	376
1113	832
1114	428
1115	16
1116	144
1117	96
1118	36
1119	180
112	10992
1120	6656
1121	112
1122	8
1123	176
1124	3896
1125	4236
1126	2488
1127	13380
1128	1388
1129	6648
113	848
1130	1628
1131	2272
1132	2608
1133	88
1134	52
1135	3536
1136	22132
1137	28
1138	64
1139	28
114	316
1140	8
1141	2
1142	28
1143	88
1144	80
1145	76
1146	16
1147	2812
1148	5068
1149	76
115	20
1150	1400
1151	128
1152	144
1153	48
1154	92
1155	8
1156	24
1157	24
1158	20
1159	8
116	856
1160	24
1161	1112
1162	272
1163	256
1164	48
1165	44
1166	12
1167	804
1168	48
1169	256
117	452
1170	152
1171	1272
1172	6560
1173	1088
1174	88
1175	2036
1176	1256
1177	692
1178	2408
1179	2528
118	1136
1180	132
1181	56
1183	5572
1184	892
1185	1832
1186	5412
1187	500
1188	6400
1189	880
119	244
1190	628
1191	1328
1192	392
1193	19780
1194	936
1196	31356
1197	10392
1198	29876
1199	4536
12	3260
120	16
1200	19092
1201	4380
1202	1120
1203	3016
1204	9456
1206	7224
1207	11052
1208	7288
1209	2564
121	288
1210	34716
1211	1196
1212	4676
1213	8000
1214	21380
1215	4256
1216	1464
1217	1516
1218	2236
1219	6172
122	3128
1220	7092
1221	17988
1222	6732
1223	5756
1224	1680
1225	15272
1226	836
1227	3008
1228	3028
123	1756
1230	5440
1231	6212
1232	328
1233	10352
1234	4960
1235	5680
1236	332
1237	2840
1238	1160
124	352
1240	10888
1241	1716
1242	4180
1243	3400
1244	2564
1245	4312
1246	6508
1247	13048
1248	1580
1249	7188
125	1208
1250	9956
1251	944
1252	11496
1253	1908
1254	4132
1255	716
1256	4092
1257	1952
1258	15820
1259	7164
126	1172
1260	1268
1261	5360
1262	3560
1263	7344
1264	1040
1265	22800
1266	4924
1267	7104
1268	1272
1269	5216
127	36
1270	28960
1271	2780
1272	6112
1273	820
1274	5824
1275	3940
1276	8224
1277	1596
1278	11008
1279	796
128	56
1280	1048
1281	2448
1282	4040
1283	3824
1284	1776
1285	8472
1286	836
1287	6608
1288	5756
1289	2068
129	76
1290	2056
1291	9852
1292	4992
1293	3024
1295	2916
1296	2152
1297	3648
1298	2044
1299	5916
13	432
130	32
1300	1268
1301	2928
1302	4212
1303	2740
1304	5492
1305	1708
1306	408
1307	16988
1308	8
1309	28
131	76
1310	348
1311	64
1312	356
1313	52
1314	52
1315	44
1316	52
1317	100
1318	192
1319	12
132	1736
1320	4672
1321	5264
1322	124
1323	384
1324	52
1325	260
1326	208
1327	2288
1328	100
1329	316
133	8
1330	756
1331	108
1332	676
1333	3532
1334	2228
1335	68
1336	400
1337	240
1339	7044
134	16
1340	1740
1341	100
1342	2512
1343	3204
1344	3636
1345	2640
1346	1464
1347	2260
1348	2668
1349	68
135	5192
1350	1856
1351	376
1352	332
1353	1912
1354	1364
1355	736
1356	7000
1357	6824
1358	4716
1359	2648
136	48
1360	40
1361	520
1363	1508
1364	48
1365	1004
1366	772
1367	5640
1368	16
1369	100
137	92
1370	12356
1371	2960
1372	9040
1373	2284
1374	12804
1375	3600
1376	9968
1377	4400
1378	5060
1379	1236
138	124
1380	5644
1381	2940
1382	392
1383	144
1384	32
1385	4540
1386	12
1387	16544
1388	1440
1389	1628
139	8
1390	1464
1391	6204
1392	1664
1393	8616
1394	12216
1395	968
1396	10612
1397	256
1398	752
1399	568
14	5256
140	1900
1400	40
1401	612
1404	648
1405	2824
1406	336
1407	5872
1408	9004
1409	2048
141	19000
1410	288
1411	4448
1412	100
1413	328
1414	624
1415	176
1416	1392
1417	664
1419	468
142	20
1420	40
1421	180
1422	928
1423	160
1424	8
1425	1852
1426	92
1427	668
1428	124
1429	3008
143	4
1430	144
1431	876
1432	1088
1433	12
1434	52
1436	56
1437	200
1438	1920
1439	244
144	1700
1440	572
1441	2064
1442	624
1443	4
1444	104
1445	484
1446	2040
1447	264
1448	48
1449	2040
145	8884
1450	96
1453	1444
1454	288
1455	128
1456	156
1457	2324
1458	104
1459	3128
146	236
1460	728
1461	944
1462	12
1463	132
1464	3000
1465	344
1466	7972
1467	40
1468	964
147	1208
1470	64
1471	32
1472	416
1473	84
1474	1512
1475	280
1476	4896
1477	140
1479	5916
148	128
1480	1792
1482	240
1483	2096
1484	392
1485	13200
1486	32
1487	1300
1488	1248
1489	376
149	320
1490	268
1493	72
1495	668
1496	104
1497	524
1498	488
1499	4164
15	1004
150	36004
1500	5508
1501	204
1502	80
1503	980
1504	44
1507	376
1508	80
1509	112
151	4400
1510	16
1511	56
1513	5856
1514	64
1515	2636
1516	204
1517	16208
1518	1272
1519	88
152	240
1520	116
1522	8
1523	280
1524	4
1525	304
1526	304
1527	19120
1528	12
1529	160
153	10796
1531	60
1532	36
1533	280
1534	36
1535	636
1537	1340
1538	112
1539	100
154	2404
1541	804
1542	1964
1543	16
1544	11660
1545	280
1546	252
1547	100
1548	20
1549	32
155	1144
1550	308
1551	300
1552	5100
1553	24
1554	492
1555	56
1556	1772
1557	8
1558	20
1559	3
156	584
1561	16
1562	2916
1563	92
1564	96
1565	108
1566	1544
1567	52
1568	3
1569	7636
157	748
1570	312
1571	224
1572	376
1573	6320
1574	112
1575	76
1577	32
1578	9
1579	32
158	9956
1580	26184
1581	544
1582	500
1583	204
1584	15872
1585	152
1586	4596
1587	4688
1588	3088
1589	3960
159	2036
1590	4728
1591	3848
1592	916
1593	1416
1594	2184
1595	736
1596	368
1597	8004
1598	732
1599	468
16	13132
160	12172
1600	552
1601	596
1602	352
1603	2600
1604	596
1605	896
1606	724
1608	10904
1609	480
161	19328
1610	16264
1611	2128
1612	380
1613	216
1614	3544
1615	2152
1616	3052
1617	20516
1619	3244
162	4796
1620	3332
1621	524
1622	40
1623	796
1624	392
1625	11016
1626	628
1627	2124
1628	48
1629	840
163	11280
1630	15
1631	160
1632	180
1633	956
1635	4576
1636	36
1639	10724
164	1516
1640	432
1641	5708
1642	664
1643	976
1644	5112
1645	3940
1646	728
1647	252
1648	1220
1649	552
165	25500
1650	176
1651	128
1652	24
1653	13312
1654	240
1655	648
1656	16
1657	160
1658	684
1659	64
166	256
1660	1024
1661	208
1662	232
1663	2716
1664	72
1665	1036
1666	116
1667	404
1668	276
1669	116
167	84
1670	288
1671	284
1672	1232
1673	10008
1674	4244
1675	92
1676	5148
1677	120
1678	1816
1679	132
168	4376
1680	4992
1681	640
1682	15964
1683	684
1684	492
1685	40
1686	868
1687	1432
1688	2656
1689	652
169	2468
1690	3564
1692	108
1693	1624
1694	2452
1695	76
1696	184
1697	15
1698	28
1699	952
17	17532
170	5936
1701	2432
1702	2632
1703	608
1704	18404
1705	4
1706	12
1707	1752
1708	15
1709	16
171	1320
1710	8
1711	3828
1713	1720
1714	36
1715	88
1716	28
1717	4692
1718	24
1719	3120
172	10592
1720	60
1721	22080
1722	9004
1723	44
1724	12
1725	120
1726	1408
1727	1564
1728	192
1729	7624
173	11480
1730	1280
1731	512
1732	12892
1733	428
1734	1580
1735	2180
1738	9
1739	356
174	1832
1740	4
1742	20
1743	28
1744	416
1746	332
1747	7732
1748	8364
1749	76
175	3432
1750	268
1752	1324
1753	1700
1754	2984
1755	492
1756	400
1757	264
1759	332
176	1960
1760	1880
1762	1144
1764	6
1765	4
1767	180
1768	12
1769	2364
177	2072
1770	192
1771	312
1772	2052
1773	96
1774	3
1776	4
1777	10384
1779	1912
178	448
1780	56
1781	3
1782	12
1783	1132
1784	7492
1785	1040
1787	4
1788	588
1789	4
179	1136
1791	156
1792	3256
1793	60
1794	1020
1795	20
1796	24
1797	792
1798	204
1799	752
18	4096
180	2772
1801	4328
1804	256
1805	5644
1806	344
1807	136
1809	380
181	2056
1810	1588
1811	56
1812	92
1814	200
1815	9
1816	592
1817	68
1819	16
182	588
1820	56
1821	1340
1822	156
1824	392
1825	148
1826	352
1827	888
1829	220
183	524
1830	6
1831	5400
1832	56
1833	1896
1834	3744
1835	3296
1836	1444
1837	364
1839	540
184	292
1840	1460
1841	660
1842	24
1843	33
1844	456
1845	2128
1846	196
1848	1260
1849	52
185	19620
1850	92
1851	9
1852	6
1853	80
1854	168
1855	332
1856	268
1857	96
1858	420
1859	156
186	3928
1860	236
1861	40
1862	692
1863	376
1864	32
1865	148
1866	644
1867	88
1869	164
187	428
1870	164
1871	32
1872	32
1873	912
1874	88
1875	440
1876	3872
1877	28
1878	36
1879	84
188	988
1880	76
1881	184
1882	2272
1883	2076
1884	2116
1885	1852
1886	20
1887	168
1888	1096
1889	596
189	132
1890	16
1891	36
1892	1416
1893	64
1894	1664
1895	988
1896	140
1897	464
1898	56
1899	40
19	7984
190	416
1900	288
1901	44
1902	68
1903	40
1904	388
1905	16
1906	108
1907	2296
1908	8
1909	3872
191	748
1910	132
1911	2200
1912	2940
1913	776
1914	1068
1915	6
1916	1080
1917	14884
1918	2904
1919	776
192	40
1920	2944
1921	2736
1922	188
1923	8744
1924	1840
1925	112
1926	120
1927	1000
1928	160
1929	264
193	5388
1930	20
1931	1388
1932	104
1933	152
1934	236
1935	676
1936	280
1937	432
1938	368
1939	1396
194	2004
1940	520
1941	264
1942	704
1943	236
1944	2408
1945	1816
1946	1024
1947	2760
1948	1100
1949	652
195	2840
1950	1136
1951	1720
1952	2164
1953	6620
1954	4900
1955	3684
1956	1724
1957	4740
1958	1856
1959	3644
196	4328
1960	5200
1961	8300
1962	5972
1963	824
1964	1888
1965	2204
1966	1348
1967	2928
1968	14940
1969	792
197	116
1970	796
1971	1352
1972	396
1973	1160
1974	1176
1975	1296
1976	412
1977	1028
1978	324
1979	976
198	3268
1980	860
1981	372
1982	4340
1983	532
1984	820
1985	324
1986	796
1987	172
1988	264
1989	60
199	1280
1990	56
1991	1724
1992	372
1993	748
1994	3032
1995	1164
1996	416
1997	9720
1998	328
1999	808
2	7040
20	3528
200	140
2000	13248
2001	4968
2002	6328
2003	3676
2004	3376
2005	3320
2006	10256
2007	200
2008	96
2009	1464
201	340
2010	1708
2011	13852
2012	7016
2013	4188
2014	712
2015	2096
2016	404
2017	840
2018	2364
2019	8144
202	92
2020	6028
2021	2928
2022	2312
2023	3192
2024	736
2025	856
2026	1024
2027	364
2028	25708
2029	176
203	4360
2030	32
2031	240
2032	80
2033	1108
2034	848
2035	248
2036	396
2037	344
2038	476
2039	80
204	2748
2040	636
2041	336
2042	1756
2043	436
2044	264
2045	172
2046	3872
2047	60
2048	1072
2049	76
205	1276
2050	428
2051	744
2052	748
2053	3380
2054	6256
2055	180
2056	76
2057	592
2058	3196
2059	2012
206	368
2060	1724
2061	60
2062	376
2063	44
2064	5800
2065	1508
2066	764
2067	1912
2068	1288
2069	432
207	4584
2070	700
2071	1204
2072	936
2073	540
2074	80
2075	444
2076	2876
2077	948
2078	2840
2079	120
208	9144
2080	7316
2081	5176
2082	3448
2083	1216
2084	724
2085	2404
2086	188
2087	2284
2088	2832
2089	832
209	616
2090	972
2091	936
2092	608
2093	1624
2094	2368
2095	644
2096	2032
2097	1168
2098	176
2099	1144
21	8668
210	416
2100	4368
2101	140
2102	524
2103	160
2104	116
2105	7096
2106	584
2107	1724
2108	2708
2109	4760
211	236
2110	2196
2111	1012
2112	2224
2113	224
2114	2628
2115	7080
2116	3920
2117	1156
2118	2752
2119	448
212	364
2120	624
2121	1560
2122	732
2123	1720
2124	2792
2125	4200
2126	1900
2127	16
2128	112
2129	32
213	644
2130	1724
2131	104
2132	2240
2133	1740
2134	4076
2135	764
2136	2168
2137	2044
2138	2300
2139	1512
214	780
2140	2760
2141	3280
2142	816
2143	2476
2144	2936
2145	5412
2146	1204
2147	1128
2148	404
2149	584
215	1416
2150	6752
2151	536
2152	516
2153	1080
2154	756
2155	776
2156	44
2157	72
2158	176
2159	584
216	6096
2160	2416
2161	7476
2162	784
2163	1548
2164	64
2165	744
2166	432
2167	8248
2168	248
2169	780
217	364
2170	736
2171	484
2172	80
2173	320
2174	14360
2175	32
2176	2068
2177	188
2178	916
2179	84
218	3688
2180	156
2181	848
2182	280
2183	1652
2184	464
2185	208
2186	1640
2187	164
2188	880
2189	152
219	224
2190	232
2191	56
2192	44
2193	3104
2194	12200
2195	456
2196	296
2197	80
2198	36
2199	32
22	8460
220	84
2200	60
2201	84
2202	1120
2203	736
2204	528
2205	168
2206	1192
2207	28
2208	1600
2209	48
2210	356
2211	76
2212	964
2213	8
2214	60
2215	36
2216	24
2217	3
2218	16
2219	56
222	2836
2220	12
2221	80
2222	9
2223	16
2224	4
2225	8
2226	24
2227	44
2228	4
2229	4
223	7936
2230	15
2231	2108
2232	4096
2233	28
2234	52
2235	8
2236	1536
2237	164
2238	548
2239	288
224	7208
2240	632
2241	548
2242	24
2243	5296
2244	28
2245	3884
2246	12
2247	1868
2248	3104
2249	1468
225	4224
2250	340
2251	3
2252	1340
2253	2792
2254	8
2255	376
2256	152
2257	100
2258	64
2259	1244
226	40
2260	240
2261	940
2262	1788
2263	1360
2264	472
2265	508
2266	976
2267	504
2268	11028
2269	2364
227	4048
2270	16
2271	464
2272	832
2273	6196
2274	12
2275	456
2276	348
2277	3
2278	3652
2279	1940
228	196
2280	736
2281	48
2282	1968
2283	272
2284	324
2285	188
2286	232
2287	620
2288	5780
2289	3008
229	2004
2290	436
2291	13616
2292	40
2293	64
2294	3408
2295	432
2296	744
2297	2652
2298	36
2299	32
23	1792
230	6164
2300	2364
2301	3012
2302	5340
2303	1844
2304	32
2305	192
2306	392
2307	148
2308	12
2309	32
231	12908
2310	736
2311	1456
2312	2192
2313	2252
2314	456
2315	504
2316	1904
2317	32
2318	2992
2319	9
232	5296
2320	1284
2321	9836
2322	1964
2323	176
2324	12716
2325	1196
2326	52
2327	488
2328	1360
2329	13136
233	2912
2330	708
2331	1148
2332	148
2333	4064
2334	2340
2335	4284
2336	6784
2337	980
2338	2708
2339	284
234	2924
2340	3776
2341	248
2342	236
2343	16
2344	1428
2345	212
2346	1844
2347	608
2348	1896
2349	1128
235	12808
2350	80
2351	716
2352	5068
2353	11088
2354	840
2355	15644
2356	952
2357	1868
2358	64
2359	5356
236	10648
2360	1584
2361	872
2362	304
2363	1876
2364	660
2365	716
2366	4712
2367	2212
2368	380
2369	4440
237	5504
2370	776
2371	4704
2372	1556
2373	1540
2374	1264
2375	3252
2376	2408
2377	888
2378	4020
2379	2540
238	724
2380	1972
2381	1900
2382	1696
2383	1556
2384	3988
2385	820
2386	512
2387	1840
2388	140
2389	2012
239	2324
2390	2096
2391	5364
2392	1120
2393	6352
2394	4812
2395	10448
2396	19044
2397	188
2398	3436
2399	1248
24	6752
240	832
2400	264
2401	2116
2402	3396
2403	3712
2404	2552
2405	4944
2406	10800
2407	8328
2408	1512
2409	3856
241	428
2410	3656
2411	3376
2412	2444
2413	3216
2414	2216
2415	84
2416	2056
2417	388
2418	588
2419	320
242	932
2420	5344
2421	4416
2422	2532
2423	4156
2424	8028
2425	500
2426	132
2427	6052
2428	4248
2429	1232
243	344
2430	888
2431	4180
2432	1608
2433	3348
2434	256
2435	572
2436	1212
2437	612
2438	16
2439	1368
244	204
2440	272
2441	168
2442	1172
2443	1068
2444	60
2445	644
2446	472
2447	2196
2448	1192
2449	260
245	192
2450	3216
2451	632
2452	108
2453	1016
2454	2876
2455	7292
2456	1468
2457	1192
2458	760
2459	2212
246	8908
2460	592
2461	284
2462	444
2463	2824
2464	96
2465	204
2466	80
2467	3992
2468	2476
2469	3120
247	6208
2470	9584
2471	3524
2472	496
2473	1056
2474	2768
2475	524
2476	1704
2477	248
2478	5012
2479	276
248	2696
2480	20
2481	408
2482	280
2483	220
2484	4
2485	4104
2486	56
2487	88
2488	620
2489	28
249	4424
2490	6252
2491	712
2492	684
2493	240
2494	140
2495	644
2496	3076
2497	1424
2498	716
2499	336
25	18344
250	708
2500	740
2501	5256
2502	13268
2503	68
2504	1216
2505	2988
2506	1136
2507	384
2508	8
2509	24
251	332
2510	16
2511	768
2512	52
2513	2380
2514	364
2515	408
2516	144
2517	1696
2518	904
2519	628
252	3416
2520	1288
2521	256
2522	468
2523	124
2524	1692
2525	284
2526	472
2527	1400
2528	3904
2529	4516
253	20848
2530	904
2531	1532
2532	812
2533	2492
2534	32
2535	632
2536	156
2537	240
2538	20
2539	6268
254	184
2540	888
2541	2792
2542	9948
2543	24
2544	100
2545	40
2546	852
2547	6
2548	704
2549	1348
255	872
2550	1292
2551	1384
2552	220
2553	1160
2554	688
2555	964
2556	40
2557	100
2558	1692
2559	308
256	7416
2560	1196
2561	812
2562	228
2563	760
2564	22
2565	1284
2566	240
2567	1432
2568	1268
2569	8
257	3336
2570	320
2571	31600
2572	3408
2573	268
25736	4
25737	4
2574	1340
25744	12
25746	60
2575	1148
25750	196
25752	48
25753	84
25755	56
25757	64
25759	6
2576	28
25762	27
25763	100
25764	72
25766	39
25769	36
2577	188
25771	52
25773	116
25774	48
25777	200
2578	40
25782	3
25783	4
25788	148
25789	2
2579	360
25793	28
25795	44
25797	4
25798	4
258	1392
2580	3144
25802	40
25805	56
25807	9
2581	2216
2582	452
25825	40
25826	76
25827	124
25828	196
2583	752
25832	2
25833	32
25835	60
25839	40
2584	20
25840	6
25841	44
2585	204
25850	108
25855	52
25856	68
2586	68
25865	24
25866	52
25868	24
2587	328
25870	36
25878	4
2588	14
25885	2
25886	60
25888	12
2589	120
25891	148
25893	24
25898	72
25899	4
259	1616
2590	264
25900	36
25901	36
25903	12
25904	32
25905	28
25906	12
25908	24
2591	8
25914	3
25916	84
2592	33
25923	208
25924	18
25927	72
25929	60
2593	208
25930	28
25931	8
25934	21
25937	64
25938	112
2594	772
25940	196
25941	8
25943	36
25945	24
25946	52
25947	28
2595	12
25951	9
25952	64
25954	120
2596	1188
25960	6
25961	76
25962	36
25963	108
25964	2
2597	164
25971	152
25975	3
25977	12
2598	1400
2599	5480
25993	16
25995	40
25996	60
25999	88
26	984
260	18480
2600	1840
26002	16
26005	20
26007	72
2601	6
26012	32
2602	32
2603	24
26038	60
2604	12
26048	6
26049	3
2605	5816
26052	68
26055	84
26059	2
2606	552
26064	52
26067	1
2607	512
26073	6
26078	36
26079	4
2608	21
26082	48
26084	208
26085	108
2609	240
26094	44
26096	21
261	3244
2610	400
26101	60
26106	6
26107	4
2611	1092
26110	2
26111	92
26112	18
26113	4
26116	124
26117	20
26119	40
2612	408
26122	92
26123	12
26124	44
26128	12
2613	1348
26131	356
26133	376
26134	16
26136	8
26138	44
26139	60
2614	252
26142	6
26144	12
26147	16
26148	56
2615	960
26150	144
26151	104
26152	232
26155	56
26158	44
26159	16
2616	2212
26163	112
2617	5708
26170	48
26171	68
26172	172
26174	24
26176	6
26178	88
2618	672
26181	64
26185	6
26187	20
26189	12
2619	6
26198	72
26199	28
262	1192
2620	92
26203	60
26208	6
2621	168
26211	8
2622	1144
26222	24
26225	8
26226	8
26228	4
2623	9
26230	32
26231	32
2624	212
26240	36
26241	24
26242	360
26246	24
26249	48
2625	196
26251	6
26258	44
2626	84
26265	4
26269	32
2627	60
26270	16
26271	36
26277	12
2628	9520
26280	12
26283	36
26285	116
26289	20
2629	384
26294	72
263	232
2630	136
26301	12
26302	32
26303	56
26306	24
2631	9
26313	40
26318	40
2632	28
26323	9
26326	12
2633	636
26336	16
26339	3
2634	216
26345	12
26347	6
26349	104
2635	156
26350	224
26359	108
2636	84
26360	12
26364	20
26366	20
2637	132
26371	36
26375	356
26379	15
2638	80
26386	220
26388	8
2639	992
26391	32
26393	36
26394	28
26398	224
264	116
2640	12232
26404	8
2641	5976
26413	28
26414	32
2642	1780
26422	240
26425	180
2643	2692
26431	6
2644	1600
2646	180
26462	184
26464	112
26465	52
2647	224
26472	92
26476	180
26479	96
2648	2424
26483	6
26485	212
26487	60
26488	112
2649	276
26491	124
26492	236
26494	4
26495	72
26497	24
26498	2
265	5124
2650	132
26504	28
26509	76
2651	164
26513	192
2652	92
26521	68
26524	12
26527	88
2653	68
2654	720
26544	8
26547	188
2655	88
26550	28
26554	68
26555	560
26558	16
2656	364
26561	56
26562	80
26564	40
26566	4
26567	24
2657	10236
26577	16
26578	96
2658	12
26585	124
2659	104
26599	76
266	7056
2660	696
26603	60
26606	168
2661	164
26612	2
26614	188
26616	16
2662	3488
26629	80
2663	188
2664	1628
26649	12
2665	128
2666	100
26662	436
26663	88
2667	68
26676	6
26677	3
2668	632
26680	228
26681	12
26682	6
26686	108
26688	80
2669	212
26693	20
26694	76
26695	32
26696	36
26698	20
26699	6
267	1572
2670	1204
26700	68
26704	160
2671	4028
26713	136
2672	1376
26726	112
26729	208
2673	76
26734	36
2674	144
26743	6
26744	8
26745	68
26746	36
2675	36
26750	76
26758	32
2676	652
2677	1032
26770	32
26776	404
26778	20
2678	80
26782	52
26788	36
2679	12
26791	24
26792	12
26796	20
268	212
2680	4
26803	12
2681	228
26810	48
26811	8
26812	4
26819	80
2682	300
26828	28
2683	8492
26834	8
26838	52
2684	15
26840	124
26841	36
26842	6
2685	24
2686	1860
26861	3
26865	156
26868	2
2687	1572
26870	168
26875	12
2688	2280
2689	104
26898	6
269	232
2690	1332
26901	6
26903	40
2691	356
26915	36
2692	12008
2693	704
26934	6
26939	96
2694	6644
2695	16
26950	6
2696	448
26965	104
2697	200
26974	148
26976	15
2698	4
26982	12
26985	20
26989	3
2699	5192
26996	4
27	568
270	644
2700	5948
27005	64
2701	3476
2702	1476
27020	148
27022	40
2703	12
2704	248
2705	28
2706	7948
2707	2320
2708	380
2709	700
27095	3
271	368
2710	6908
27109	16
2711	144
27114	10
2712	10688
2713	3020
2714	476
2715	104
2716	20884
2717	5596
2718	2392
27186	48
2719	3388
27193	236
272	6812
2720	2776
2721	472
2722	5200
2723	5824
2724	6092
2725	548
27255	28
2726	1432
27266	664
2727	236
27271	76
2728	3536
2729	1924
273	5712
2730	1508
2731	1832
27316	40
27317	664
2732	1172
2733	244
27338	12
2734	1104
27340	48
2735	1376
2736	1276
27362	8
27368	92
2737	76
27370	32
27376	12
2738	432
2739	1840
27391	132
27397	136
274	1000
2740	16
27402	24
27408	88
2741	320
27410	132
27416	316
2742	16
2743	84
27432	40
27434	168
27436	6
2744	188
2745	904
27450	20
27456	36
2746	6096
2747	1008
2748	756
2749	252
27491	68
275	760
2750	1664
27509	16
2751	272
27513	16
2752	828
27523	64
27528	32
2753	164
27537	12
2754	28
27544	24
2755	144
27555	60
2756	104
27563	152
27564	36
2757	616
27573	6
2758	76
27584	60
27587	15
2759	1320
27592	196
276	2540
2760	28
27604	96
27608	72
2761	2936
27611	60
27618	64
2762	12332
27620	4
27627	16
2763	4652
27636	12
2764	1068
27644	4
27648	40
2765	136
2766	140
27660	632
27664	28
2767	116
27674	140
27679	2
2768	52
27685	120
27689	100
2769	580
27695	4
277	2696
2770	7252
27700	108
27706	1904
2771	572
27716	32
2772	592
27721	1164
27722	92
27727	328
27728	340
2773	60
27731	152
27734	24
27735	12
27736	8
2774	272
27740	1
27741	396
27744	28
27746	15
2775	60
2776	116
27765	6
27768	52
2777	16
27772	208
27773	1364
27776	16
27778	48
2778	32
27783	12
27788	268
2779	980
27790	292
27792	32
27797	20
278	612
2780	128
27801	408
27803	324
27808	788
2781	116
27812	20
27815	224
27816	116
2782	184
27820	72
27821	496
27822	284
27826	20
27828	52
2783	56
27830	48
27831	584
27833	44
27834	100
27837	256
27838	196
27839	392
2784	220
27841	8
27843	12
27846	520
2785	28
27850	164
27851	20
27857	4
2786	144
27864	36
27865	60
27866	24
27869	112
2787	408
27873	268
27874	6
27875	28
27876	88
27878	176
27879	200
2788	2052
27882	244
27884	4
27888	76
2789	540
27899	412
279	328
2790	388
27904	624
27905	144
2791	6376
27912	452
2792	1356
2793	1636
2794	1224
2795	4320
2796	504
2797	14796
2798	568
2799	772
28	1048
280	4428
2800	124
2801	772
2802	864
2803	3544
2804	4280
2805	3276
2806	604
2807	992
2808	1432
2809	168
281	1320
2810	644
2811	4
2812	276
2813	44
2814	68
2815	636
2816	872
2817	300
2818	352
2819	1140
282	9324
2820	128
2821	20
2822	716
2823	44
2824	32
2825	52
2826	2212
2827	2168
2828	356
2829	1024
283	76
2830	124
2831	32
2832	36
2833	88
2834	208
2835	128
2836	956
2837	56
2838	24
2839	60
284	28
2840	1548
2841	3236
2842	152
2843	804
2844	196
2845	36
2846	620
2847	292
2848	164
2849	172
285	28
2850	68
2851	224
2852	928
2853	36
2854	72
2855	32
2856	404
2857	1440
2858	29904
2859	756
286	108
2860	608
2861	1896
2862	348
2863	3276
2864	68
2865	116
2866	516
2867	1524
2868	124
2869	32
287	108
2870	1044
2871	2792
2872	4680
2873	76
2874	356
2875	832
2876	292
2877	628
2878	152
2879	360
288	18236
2880	200
2881	4856
2882	344
2883	1588
2884	144
2885	480
2886	144
2887	104
2888	412
2889	1652
289	1004
2890	9044
2891	596
2892	124
2893	228
2894	412
2895	6
2896	28
2897	60
2898	292
2899	240
29	2892
290	1488
2900	384
2901	612
2902	460
2903	292
2904	64
2905	340
2906	636
2907	528
2908	2760
2909	8
291	252
2910	24
2911	56
2912	1292
2913	52
2914	60
2915	2688
2916	7088
2917	1360
2918	7876
2919	1060
292	9164
2920	376
2921	896
2922	548
2923	48
2924	696
2925	260
2926	1100
2927	276
2928	276
2929	532
293	9296
2930	28
2931	120
2932	480
2933	52
2934	16
2935	460
2936	468
2937	304
2938	80
2939	204
294	236
2940	356
2941	860
2942	1364
2943	416
2944	2456
2945	96
2946	812
2947	3680
2948	2464
2949	2192
295	232
2950	1256
2951	2036
2952	624
2953	2396
2954	8
2955	8
2956	360
2957	15
2958	2
2959	10644
296	20220
2960	40
2961	788
2962	160
2963	72
2964	76
2965	168
2966	1396
2967	340
2968	2984
2969	196
297	136
2970	328
2971	964
2972	148
2973	1340
2974	200
2975	200
2976	1396
2977	148
2978	396
2979	144
298	104
2980	3
2981	16
2982	172
2983	288
2984	124
2985	5088
2986	3596
2987	8020
2988	596
2989	1524
299	2476
2990	1436
2991	3540
2992	64
2993	3104
2994	48
2995	2160
2996	260
2997	19372
2998	40
2999	84
3	4848
30	1244
300	6964
3000	5744
3001	48
3002	264
3003	56
3004	1504
3005	2212
3006	6568
3007	672
3008	576
3009	8
301	416
3010	124
3011	912
3012	40
3013	328
3014	108
3015	896
3016	1052
3017	600
3018	676
3019	3004
302	536
3020	4472
3021	76
3022	1624
3023	16
3024	792
3025	20
3026	76
3027	32
3028	820
3029	304
303	5448
3030	988
3031	292
3032	584
3033	8116
3034	1468
3035	2044
3036	440
3037	3336
3038	188
3039	6368
304	212
3040	1600
3041	180
3042	336
3043	64
3044	3520
3045	384
3046	468
3047	28
3048	260
3049	108
305	2856
3050	68
3051	1012
3052	5260
3053	2288
3054	512
3055	524
3056	60
3057	68
3058	16
3059	6
306	2332
3060	4592
3061	644
3062	2272
3063	476
3064	304
3065	20
30659	40
3066	652
3067	2560
3068	788
3069	252
307	2108
3070	3024
30701	36
30707	4944
3071	868
30712	64
3072	2584
30721	52
3073	56
3074	1172
30745	16
30747	28
30749	1744
3075	716
3076	180
3077	824
3078	320
30783	4
3079	524
30793	3980
308	1612
3080	3
30803	548
3081	9660
30810	3204
30812	3288
30816	976
30818	192
3082	5668
30820	596
30822	1444
30825	2268
3083	3056
3084	32
30846	328
30848	260
3085	24
30850	436
3086	360
3087	3852
3088	2384
30883	148
3089	1968
30890	9
30892	48
30894	432
30896	3
30898	460
309	176
3090	976
3091	424
3092	140
3093	460
3094	548
30942	8
30949	36
3095	1232
30952	44
30954	16
3096	588
3097	532
30970	32
30977	21
3098	3760
30981	20
3099	1224
30991	64
30994	16
30996	44
31	6788
310	248
3100	4488
31000	84
31004	3
3101	3348
31011	8
3102	484
31026	56
3103	184
31030	60
31032	20
31035	168
31038	16
3104	4448
31040	8
31042	24
31045	16
31047	20
31049	24
3105	2144
31053	3
3106	100
31060	3
3107	5600
31079	68
3108	6076
31083	36
31086	60
3109	268
31090	2
311	68
3110	72
31101	104
31104	20
31107	20
31109	9
3111	1172
31112	3
31114	80
31116	84
3112	140
31123	8
3113	1852
3114	15168
31148	8
3115	588
31150	24
31156	44
3116	32
31160	32
31162	148
3117	480
3118	172
31184	336
31188	6
3119	20
31193	108
312	400
3120	340
3121	52
3122	64
31221	300
31223	44
31225	268
3123	4
3124	64
31247	8
3125	464
31251	72
31255	52
3126	32
31260	32
31263	28
3127	196
31270	28
3128	132
3129	748
313	388
3130	456
31309	3
3131	6
3132	52
3133	220
3134	508
31347	48
31349	8
3135	1256
31359	20
3136	36
31362	12
31364	184
31367	20
3137	88
3138	136
3139	92
314	1516
3140	92
31408	12
3141	516
31410	760
3142	940
31420	324
31422	156
31424	96
31427	552
31429	28
3143	156
31431	112
31433	244
31435	68
31437	268
3144	80
31445	112
31447	20
3145	1000
3146	1020
31467	76
3147	5772
3148	4896
31485	48
3149	44
31494	15
315	8796
3150	168
3151	20
3152	2056
31522	68
31528	136
3153	1168
3154	32
31545	2
31547	2
3155	2516
31553	20
31555	112
3156	1316
3157	3484
31577	6
3158	272
31584	12
31588	12
3159	1492
31590	20
31594	12
31598	16
316	13336
3160	8184
31600	3
31606	2
3161	64
31610	12
31613	4
31617	92
3162	76
31628	8
3163	752
3164	6
3165	264
31658	2240
3166	92
31660	428
3167	900
3168	3692
31680	8
31682	6
31685	2036
31687	68
31689	188
3169	700
31692	2
31694	460
31696	2492
31698	248
317	13576
3170	3
31700	84
31702	72
31705	40
3171	168
3172	40
31724	84
3173	2660
31737	64
3174	5684
31742	6
31747	52
3175	5432
31750	6
3176	5468
3177	1112
31770	12
3178	3108
31785	16
3179	1212
318	21600
3180	288
31804	304
31807	68
3181	564
3182	756
3183	108
3184	24
3185	960
31854	24
3186	1684
31867	156
3187	3
31878	1008
3188	128
3189	528
319	2644
3190	372
31900	4
31903	52
31909	28
3191	2
3192	92
31923	164
3193	4
31930	32
31934	104
3194	880
3195	3
31950	9
31952	64
31956	76
3196	932
3197	944
31973	24
3198	3244
3199	72
31998	6
32	33528
320	256
3200	948
32002	8
32009	64
3201	1528
32011	208
32013	24
32015	2
32017	196
32019	644
3202	28
32022	112
32025	36
32029	736
3203	1384
32031	1016
3204	540
32049	28
3205	64
32056	6
32058	48
3206	576
32060	6
32062	2
3207	48
32074	4
32076	72
32078	28
3208	1344
32082	8
32084	44
32088	4
3209	4
32090	3
321	344
3210	3080
32109	16
3211	156
32116	56
3212	12
32120	4
32122	6
32124	12
32126	2
32128	20
3213	664
32139	48
3214	236
32141	12
32149	32
3215	16
32151	8
32153	24
32156	4
32158	4
3216	24
32160	44
32162	16
32166	3
3217	204
32170	8
32174	24
32179	36
3218	120
3219	940
322	1252
3220	6
3221	136
32211	4
32213	244
3222	40
3223	276
32234	28
32239	24
3224	176
3225	792
3226	2
32261	24
3227	3
3228	12
32285	4
32289	52
3229	8
32291	204
32294	6
32296	236
32298	320
3230	208
32300	116
32302	120
3231	15
32314	56
32316	12
32318	2
3232	32
32325	36
32329	3
3233	8
32333	9
32335	4
3234	1
32342	8
32345	18
32347	20
32349	28
3235	332
32352	8
32354	9
3236	16
32361	15
32369	36
3237	4
32371	44
32375	4
3238	396
32381	4
32383	20
32385	12
32387	64
32389	9
3239	52
32392	8
32395	32
324	200
3240	72
3241	168
3242	20
3243	920
3244	552
32444	4
3245	64
32456	12
3246	1424
32460	40
32469	40
3247	2564
3248	916
3249	1052
325	352
3250	1212
3251	548
3252	2732
32525	16
3253	4952
3254	1860
3255	3544
3256	2896
3257	2200
3258	1184
32582	64
32584	60
32587	4212
32589	68
3259	1152
32591	60
32593	8
32596	368
32598	312
326	396
3260	1320
32600	42
32602	12
32605	4
3261	1168
32617	36
3262	768
32620	12
32625	20
32627	120
3263	2068
32632	48
3264	1804
32646	32
32649	12
3265	1964
32657	8
3266	1056
32666	28
32668	20
3267	1748
32674	20
32677	12
3268	1436
3269	2360
327	5300
3270	1200
3271	2632
3272	948
32721	80
3273	3896
3274	2140
32743	52
3275	4220
3276	240
3277	2
32770	84
3278	2
32781	32
3279	16
32792	4
328	2176
3280	20
3281	248
3282	84
32825	8
3283	32
3284	156
32844	12
3285	3744
32853	88
3286	680
32862	28
3287	648
32875	4
3288	32
32882	32
3289	272
32892	64
329	22916
3290	2
3291	18
3292	36
3293	12
3294	20
3295	76
32954	3
3296	1236
32966	3
3297	4
3298	3124
32988	28
3299	700
32999	2
33	36
330	1392
3300	2564
33004	3408
33008	3
3301	4696
3302	132
3303	36
33036	52
3304	248
3305	4
3306	156
3307	948
33072	48
3308	648
33085	440
3309	88
331	512
3310	340
3311	144
33113	12
33119	4
3312	2
33124	32
33126	32
3313	40
33132	4
33134	8
33136	28
33138	152
3314	16
33140	1
33142	2
33145	200
33148	12
3315	9
33150	24
33152	8
33154	680
33158	400
3316	1952
33160	2
33162	624
33164	420
33166	2104
33168	56
3317	2016
33171	476
3318	64
33188	40
3319	60
33191	12
33193	4
332	1712
3320	152
3321	12
3322	24
3323	84
33237	24
3324	768
3325	276
3326	772
33264	2
3327	352
3328	2924
33288	6
3329	72
33296	6
333	3292
3330	496
3331	60
33312	124
3332	3
33321	20
3333	20
3334	2108
33340	8
3335	60
33358	48
3336	4
3337	6
3338	232
3339	220
334	1440
3340	100
3341	712
33410	12
3342	1180
33421	56
3343	172
33437	420
3344	104
3345	36
33451	16
33454	20
3346	36
3347	420
3348	16
3349	40
33493	6560
33495	120
33499	292
335	156
3350	656
3351	40
3352	18
3353	4
33539	76
3354	1908
3355	2308
33558	12
3356	1
33564	108
3357	208
3358	1788
33585	56
3359	2440
33592	28
336	212
3360	1712
33603	48
33608	2
3361	2964
33615	672
3362	2436
33621	48
33629	4
3363	2340
33639	180
3364	308
33641	8
33644	28
33646	372
33649	68
3365	788
33660	956
33669	208
3367	68
33672	112
33675	48
33677	80
33679	1552
3368	128
33681	44
33683	160
33685	16
33688	4
3369	8
337	7352
3370	120
3371	104
3372	124
33722	44
33725	40
3373	16
3374	32
3375	112
33750	28
3376	2
3377	16
3378	32
33781	8
3379	432
33794	4592
338	4008
3380	20
3381	2
33815	20
33817	220
33819	76
3382	4
33821	8
33823	24
33826	76
3383	2
33830	256
33832	20
33834	728
33836	808
33838	124
3384	1084
3385	488
3386	5204
3387	772
3388	1704
33880	636
3389	120
33896	200
339	19812
3390	180
33903	476
33905	9
3391	552
3392	764
3393	184
3394	904
3395	188
3396	4828
33966	96
3397	1888
3398	2068
3399	408
34	25876
340	1420
3400	176
34002	48
3401	548
34018	40
3402	60
3403	124
3404	1428
34048	3652
3405	540
3406	232
34063	24
34065	8
3407	8
34072	856
3408	11692
3409	1932
341	360
3410	12
3411	4
3412	724
34129	60
3413	32
3414	172
34143	408
34148	156
3415	256
34150	1824
34153	692
34155	88
34158	4
34162	1768
34164	196
3417	116
34170	32
34177	12
3418	9492
34185	8
34189	4
3419	28
34193	6
34198	48
342	4680
3420	352
3421	4632
3422	380
3423	168
3424	1892
3425	220
3426	420
3427	208
34271	216
3428	196
3429	888
34292	24
34299	6
343	420
3430	864
3431	240
34319	2172
3432	268
34321	220
34323	176
34326	124
3433	180
34330	28
34332	300
34334	456
34336	292
34338	880
3434	112
3435	3300
34353	20
34359	112
3436	400
3437	96
3438	2008
3439	2004
344	14860
3440	1468
34405	1756
3441	2268
3442	68
3443	48
34437	872
3444	1296
3445	372
3446	224
3447	188
34473	3
3448	4596
34482	44
3449	96
34499	24
345	4340
3450	3896
3451	1100
3452	3196
34520	296
34523	172
34526	6
34528	472
3453	500
34530	308
34532	704
34534	568
34536	236
34538	28
3454	276
34540	104
34542	884
3455	12
3456	316
3457	500
34579	32
3458	18
34583	48
3459	340
346	1008
3460	2
34608	8
3461	2044
3462	1276
34624	8
3463	36
3464	120
34643	28
34645	52
34648	8
3465	44
3466	520
3467	1152
3468	1560
3469	1436
347	800
3470	660
3471	5588
3472	68
3473	64
3474	88
3475	324
3476	3632
34767	32
3477	2088
3478	884
3479	3052
348	3468
3480	888
3481	5616
3483	1508
3484	812
3485	16
3486	16
3487	388
3488	32
3489	5784
349	12996
3490	76
3491	128
3492	80
3493	8
3494	1500
3495	40
3496	224
3497	188
3498	2132
3499	3200
35	1344
350	7040
3500	648
3501	464
35015	64
3502	292
3503	1292
3504	1816
3505	2216
3506	356
3507	2332
3508	1132
3509	320
351	1632
3510	5604
3511	244
3512	2068
3513	1040
3514	192
3515	468
3516	744
3517	12
3518	220
3519	408
352	1196
3520	60
3521	1012
3522	20
3523	48
3524	1100
3525	1784
3526	1744
3527	10632
3528	800
3529	928
353	6640
3530	44
3531	68
3533	32
3534	1588
3535	5392
3536	1644
3537	220
3538	516
3539	296
354	668
3540	116
3541	9
3542	12
3543	1476
3544	104
3545	1200
3546	508
3547	200
3548	520
3549	624
355	2752
3550	376
3551	1232
3552	2844
3553	228
3554	372
3555	2344
3556	2092
3557	256
3558	9
3559	124
356	45748
3560	12
3561	1
3562	100
3563	300
3564	1104
3565	1392
3566	1128
3567	172
3568	84
3569	504
357	23068
3570	52
3571	524
3572	292
3573	136
3574	104
3575	40
3576	960
3577	268
3578	20652
3579	260
358	1920
3580	124
3581	512
3582	2
3583	1
35836	4212
3584	204
3585	68
3586	52
3587	168
3588	84
3589	20
359	88
3590	208
3591	1232
3592	52
3593	1204
3594	996
3595	24
35957	708
3596	100
3597	304
3598	396
3599	360
36	7468
360	1812
3600	172
3601	20
3602	64
3603	24
3604	200
3605	188
36056	4
3606	708
3607	12
3608	4184
3609	24
361	4160
3610	28
3611	104
3612	72
3613	276
3614	816
3615	1772
36152	8
3616	1060
3617	2396
3618	1948
3619	140
362	5556
3620	108
3621	52
3622	104
3623	11756
3624	2164
3625	72
3626	84
3627	448
36276	232
3628	256
3629	608
363	592
3630	28
3631	24
3632	120
3633	2004
3634	296
3635	2932
3636	28
3637	80
3638	1560
3639	2584
36392	15
36397	188
364	29868
3640	64
36401	1188
3641	44
3642	40
3643	272
3644	52
3645	124
3646	1720
3647	3
36477	36
3648	72
3649	492
365	1452
3650	18
36509	200
3651	21
36511	6
36513	32
36517	2224
36519	320
3652	92
36523	20
36525	544
36527	320
36529	2432
3653	268
36531	72
36533	28
36535	624
36537	224
36539	20
3654	1172
36541	4
36545	3
3655	108
36553	6
3656	8
3657	16
3658	152
3659	52
366	1100
3660	252
3661	124
3662	112
3663	88
3664	56
3665	56
3666	24
3667	48
3668	944
3669	148
367	11056
3670	44
36708	468
3671	3556
3672	364
3673	92
3674	84
3675	676
36752	3
3676	888
3677	436
3678	176
3679	192
368	7176
3680	128
3681	1468
3682	524
3683	1704
3684	692
3685	1068
3686	1300
3687	20
3688	808
3689	384
369	404
3690	340
3691	72
3692	136
3693	440
3694	156
3695	116
3696	164
3697	1812
3698	2488
3699	1344
37	40
370	4908
3700	516
3701	856
3702	3216
3703	2752
3704	2068
3705	772
3706	1096
3707	568
3708	608
3709	244
371	2064
3710	276
3711	80
3712	572
3713	184
3714	76
3715	120
3716	72
3717	3224
3718	148
3719	132
372	2652
3720	248
3721	24
37211	8
3722	20
3723	880
3724	252
37240	252
3725	136
3726	380
3727	360
3728	352
37287	8
3729	968
373	3148
3730	2828
3731	140
3732	352
3733	1088
37335	4
3734	224
3735	3004
3736	248
3737	144
3738	256
37380	660
37382	528
37384	356
37386	1012
3739	240
374	3580
3740	3476
3741	1356
3742	1436
3743	524
3744	2892
3745	4032
3746	288
3747	616
37475	240
37477	128
3748	36
3749	76
375	228
3750	2
3751	6196
3752	2424
3753	4976
3754	532
37545	36
3755	3104
3756	132
3757	32
3758	168
3759	64
376	4656
3760	456
3761	140
3762	4
3763	1616
3764	344
3765	140
3766	244
3767	260
3768	148
3769	336
377	14432
3770	608
3771	236
3772	16
37720	232
37727	572
37729	936
3773	308
37731	200
37733	1180
37736	88
37739	136
3774	116
37741	1052
3775	40
3776	60
3777	76
3778	4
3779	2
378	1092
3780	40
3781	80
3782	28
3783	776
37830	296
37837	8
3784	440
37844	24
37846	4
3785	3104
37853	116
37855	96
37857	252
3786	624
3787	168
3788	684
3789	188
379	1848
3790	108
3791	1336
3792	84
3793	9040
3794	256
3795	184
37955	12
37957	1
3796	92
3797	244
37976	4
3798	1904
3799	284
38	156
380	17900
3800	8
3801	680
3802	452
3803	12
38038	1208
3804	76
3805	36
3806	112
38061	1024
3807	192
3808	76
3809	2228
38095	4
381	2240
3810	80
3811	664
3812	628
3813	248
3814	496
3816	112
3817	36
3818	16
38188	44
3819	608
38198	28
382	2312
3820	72
3821	948
3822	212
3823	192
3824	544
3825	1296
3826	2280
3827	2028
3828	6
3829	20
38294	88
383	2188
3830	284
38304	152
3831	1168
3832	76
38320	2
3833	216
3834	368
3835	800
3836	1424
3837	316
3838	140
38388	124
3839	144
384	736
3840	376
3841	1396
3843	180
38435	1
3844	2484
3845	84
3846	392
3847	136
3848	92
3849	220
38499	152
385	100
3850	28
3851	360
3852	1564
3853	44
3854	264
3855	296
3856	4
3857	536
3858	644
3859	364
386	260
3860	40
38600	132
3861	1976
3862	188
3863	5380
3864	1044
3865	868
3866	32
3867	76
3868	5252
3869	3056
387	568
3870	184
38701	36
3871	1356
3872	400
3873	996
3874	100
3875	64
3876	44
3877	924
3878	56
3879	1160
38798	648
388	568
3880	84
3881	56
3882	3140
38824	6
3883	52
3884	204
38843	3
3885	160
3886	156
3887	24
3888	52
38886	964
3889	1076
389	180
3890	2
3891	4
3892	92
3893	1980
3894	48
3895	312
3896	524
3897	6868
3898	120
3899	20
38992	104
38994	48
39	9080
390	296
3900	36
3901	296
3902	40
3903	120
3904	3
3905	56
39052	124
3906	152
3907	9
3908	436
3909	208
391	168
3910	1172
3911	3616
3912	60
3913	56
3914	84
3915	340
3916	2348
3917	864
3918	516
39183	1596
3919	280
392	156
3920	168
3921	60
3922	28
3923	148
39231	288
39234	244
3924	20
3925	436
3926	216
3927	680
3928	356
3929	296
39292	1000
393	720
3930	352
39307	88
3931	52
3932	604
3933	44
3934	44
3936	224
39369	9
3937	216
3938	116
39381	280
3939	128
39390	3
39394	6
39398	28
394	80
3940	24
39400	208
39402	16
39408	60
3941	32
39410	20
39412	1
39414	232
39416	20
39419	72
3942	108
39421	16
39425	3
39427	136
39429	1
3943	572
39435	204
39439	1
3944	52
39441	56
39444	772
39446	1204
39449	316
3945	280
3946	908
3947	528
39474	2
3948	5360
3949	8224
395	8
3950	1076
3951	116
3952	2116
3953	636
3954	40
3955	408
3956	536
3957	216
3958	104
3959	1156
396	20
3960	72
3961	432
3962	92
3963	352
3964	232
3965	148
39659	2
3966	128
3967	2156
3968	1256
3969	1652
397	24
3970	88
39703	12
3971	72
39715	176
3972	872
3973	548
3974	76
3975	256
3976	24
39768	3
3977	5204
3978	1236
3979	856
398	36
3980	960
3981	1424
3982	48
3983	1136
3984	1476
3985	272
3986	1408
39869	92
3987	616
3988	1816
39886	52
3989	212
39896	4
399	6
3990	236
3991	396
3992	220
3993	1064
3994	4496
3995	20
3996	8284
3997	828
3998	988
3999	1168
4	944
40	328
400	8
4000	252
4001	56
40010	24
4002	2420
4003	292
4004	8
4005	740
4006	1072
4007	1512
4008	1356
4009	332
401	12
4010	628
4011	4700
4012	200
4013	16
4014	3340
40148	112
4015	1640
4016	1492
4017	868
4018	2452
4019	2156
402	24
4020	904
4021	316
4022	5904
4023	1680
4024	328
4025	2680
4026	12
4027	5812
40278	1032
4028	132
4029	1136
403	6
4030	404
4031	364
4032	40
4033	1156
40337	16
40339	252
4034	6124
4035	128
4036	1044
4037	696
4038	48
4039	924
404	36
4040	788
4041	1200
40412	52
40414	128
4042	284
4043	164
4044	28
4045	40
4046	112
4047	640
4048	4
4049	28
40491	12
40494	2
405	2948
4050	20
4051	52
4052	788
4053	296
4054	972
4055	696
4056	632
4057	15
40574	60
4058	4
40581	184
40583	1988
40586	4
4059	6
406	40
4060	80
4061	400
40614	472
4062	724
40629	1672
4063	256
4064	80
4065	68
4066	904
4067	340
4068	612
4069	1208
407	1560
4070	16
4071	1
4072	100
40723	144
4073	72
40732	420
4074	72
4075	1
40752	3
4076	16
4077	352
4078	76
4079	428
408	204
4080	244
4081	80
40815	2356
40817	24
40819	1792
4082	300
40826	172
4083	44
40833	1
4084	2924
4085	6956
40851	332
4086	1244
4087	56
40870	336
4088	32
40887	88
4089	464
409	324
4090	900
4091	972
4092	340
4093	84
4094	76
40946	240
4095	372
40952	88
40955	180
40959	304
4096	48
40962	104
40964	24
40966	264
40969	15
4097	48
40973	64
4098	120
40988	44
4099	28
41	3976
410	8016
4100	188
4101	12
41014	64
4102	756
41025	80
4103	1344
4104	752
4105	1828
4106	108
4107	28
4108	64
4109	172
411	96
4110	64
4111	232
4112	8
4113	128
41136	16
4114	36
4115	72
4116	376
4117	524
4118	44
4119	92
412	3720
4120	12
4121	2404
4122	108
4123	376
4124	444
4125	424
4126	240
4127	264
4128	1812
41285	1928
4129	68
413	4640
4130	196
4131	296
4132	652
4133	940
41336	9
4134	8
4135	156
4136	12
4137	36
4138	24
4139	40
414	344
4140	28
4141	172
41411	36
4142	132
41425	16
4143	272
4144	644
4145	3
4146	164
4147	40
4148	2296
4149	648
415	1576
4150	12
4151	156
4152	96
41527	156
4153	264
4154	84
4155	456
4156	8
41564	6
41566	1820
41569	3392
4157	32
41571	992
41573	300
41575	56
4158	352
41585	72
4159	540
416	1504
4160	140
4161	3112
41617	40
4162	148
41627	4
4163	36
4164	132
4165	72
4166	268
4167	1128
4168	180
4169	224
41699	6
417	2868
4170	3
4171	15
41716	412
4172	16
41721	44
4173	12
4174	404
4175	96
4176	36
41769	24
4177	80
4178	304
4179	60
418	236
4180	44
4181	100
4182	16
4183	72
41831	8
4184	184
4185	44
4186	92
41863	284
4187	200
4188	140
4189	64
419	2000
4190	144
4191	308
4192	36
4193	28
4194	68
4195	164
4196	16
4197	84
4198	92
4199	64
41997	1120
42	1008
420	5120
4200	212
42002	236
42004	300
42007	200
42009	96
4201	60
42011	428
42013	108
42015	144
42018	156
4202	8
42021	28
4203	200
4204	72
4205	456
42053	12
4206	112
4207	412
4208	40
4209	44
42094	36
421	544
4210	712
4211	424
4212	224
4213	140
4214	1052
4215	328
4216	220
4217	120
4218	332
4219	204
42197	100
422	480
4220	436
4221	208
42213	3
42217	16
4222	116
4223	2220
4224	380
4225	836
4226	8724
4227	88
4228	648
4229	144
423	988
4230	4
4231	428
4232	1036
4233	260
4234	480
4235	1736
4236	24
4237	72
4238	928
4239	2292
424	328
4240	172
4241	156
42418	296
4242	44
4243	32
4244	24
4245	20
4246	3592
4247	708
4248	436
4249	24
425	332
4250	52
4251	280
4252	56
4253	20
4254	532
4255	508
42556	4
4256	64
4257	12
4258	20
4259	248
426	3024
4260	44
42602	6
4261	44
4262	2736
4263	508
42632	216
42634	24
4265	388
4266	224
4267	328
4268	192
42681	8
4269	8
427	1220
4270	4988
4271	36
42718	320
4272	48
42721	220
42723	376
42725	324
42728	124
4273	268
42730	108
42732	148
42734	120
42736	10
42738	368
4274	500
42740	24
4275	892
4276	200
4277	236
4278	196
42783	1
4279	188
428	3636
4280	2364
4281	28
4282	244
4283	148
4284	136
4285	676
4286	80
4287	84
4288	64
4289	60
429	1316
4290	304
42900	72
4291	1664
4292	904
4293	460
4294	236
4295	24
4296	812
4297	244
4298	532
4299	3716
43	2440
430	200
4300	128
43007	2
4301	28
43011	9
4302	16
4303	36
4304	436
4305	696
4306	10132
4307	56
4308	4104
4309	4
431	3300
4310	5880
4311	3
4312	88
4313	128
4314	40
4315	16
4316	72
4317	432
4318	280
4319	32
432	4592
4320	40
4321	2208
4322	784
4323	92
4324	36
4325	24
4326	1380
4327	1148
4328	76
4329	472
433	572
4330	48
4331	144
4332	96
4333	1112
43333	72
4334	264
4335	12
4336	160
4337	124
43376	152
4338	212
4339	296
43391	15
43396	384
434	8980
4340	516
4341	116
43419	52
4342	32
4343	1588
4344	1788
4345	368
4346	4
43460	136
4347	56
4348	8
4349	484
435	5928
4350	136
4351	1452
4352	116
4353	236
4354	208
4355	192
43556	52
43558	76
4356	500
43560	200
4357	264
4358	12
4359	556
436	464
4360	68
4361	3052
4362	12
4363	24
4364	4
4365	12
4366	1696
4367	2112
43679	368
4368	512
43684	100
4369	2044
437	1624
4370	3480
43708	212
4371	72
43710	2
4372	392
4373	352
4374	24
43744	68
4375	44
4376	40
4377	20
4378	1932
4379	16
438	916
4380	856
4381	572
4382	44
4383	496
43836	404
4384	108
4385	21
43853	3
4386	1464
43869	124
4387	1216
43871	400
4388	2600
4389	196
43899	12
439	24
4390	232
43904	64
43906	24
43908	24
4391	108
43910	32
43912	100
43914	56
43917	284
43919	232
4392	292
43921	216
43923	36
43926	4
43928	612
4393	60
43930	160
43932	72
43934	60
43936	376
4394	204
4395	40
4396	1428
4397	216
4398	212
43987	12
4399	116
44	4576
440	16756
4400	24
44004	540
4401	120
4402	40
44022	712
4403	212
4404	76
4405	196
44058	28
4406	1192
4407	324
44073	40
4408	64
4409	196
441	2664
4410	692
4411	92
4412	128
4413	24
4414	256
4415	152
4416	136
44161	4
44168	48
4417	28
4418	60
44189	36
4419	140
44191	3096
44193	388
44195	1760
44197	196
44199	1472
442	15144
4420	60
44204	428
4421	30
4422	388
44225	80
4423	84
44238	4
4424	432
4425	152
4426	144
4427	1180
4428	84
4429	356
443	200
4430	40
44301	20
4431	44
4432	276
4433	140
4434	24
4435	44
4436	72
4437	516
4438	144
4439	124
44397	192
44399	92
444	428
4440	312
4441	100
4442	176
4443	384
4444	400
4445	44
4446	4424
4447	2452
4448	2928
4449	8
44494	52
445	720
4450	536
4451	24
44511	20
4452	320
4453	100
4454	8
4455	9
44555	576
4456	16
4457	4
4458	48
44587	8
4459	24
44595	12
446	1684
4460	6
4461	12
44613	108
4462	80
4463	52
44633	92
4464	556
4465	608
44653	4
44657	56
4466	444
44665	2284
4467	2472
4468	172
4469	60
44694	1024
447	196
4470	116
44709	432
4471	272
4472	80
44729	72
4473	304
44731	80
4474	968
4475	92
44759	220
4476	236
44761	976
4477	600
44777	6
4478	864
44788	344
4479	284
448	2512
4480	488
4481	56
44815	24
4482	292
44828	392
4483	644
4484	208
44840	224
44844	18
44849	48
4485	260
4486	112
44864	304
4487	800
4488	808
44889	24
4489	2912
449	288
4490	140
4491	32
44911	12
4492	364
44929	120
4493	148
44937	136
4494	112
44949	44
4495	188
4496	408
4497	52
44972	596
44974	352
44978	3
4498	668
4499	2956
45	7600
450	2576
4500	184
4501	348
4502	596
45028	512
4503	152
4504	152
4505	152
4506	832
45062	424
4507	52
45074	164
4508	1124
45081	660
4509	532
451	524
4510	44
45106	316
4511	160
4512	132
4513	60
4514	136
4515	380
4516	256
4517	264
45175	176
4518	404
45183	192
45186	1660
4519	1484
452	1152
4520	432
45208	208
4521	144
45210	964
4522	128
45221	132
4523	332
4524	284
4525	128
4526	768
4527	156
4528	60
4529	516
453	824
4530	48
4531	628
4532	324
4533	728
45335	44
4534	260
4535	736
4536	56
45361	152
4537	376
4538	32
45382	132
4539	56
454	20264
4540	72
4541	520
45412	3
4542	44
4543	128
45431	1148
4544	544
45440	300
45442	204
45447	2520
4545	1072
4546	800
4547	40
4548	40
4549	16
45499	3140
455	2596
4550	64
45501	384
45503	40
4551	8
45517	1892
4552	156
45525	56
4553	424
4554	16
4555	140
4556	60
4557	332
4558	2040
4559	136
456	836
4560	40
4561	152
45611	12
4562	268
4563	436
45635	100
4564	348
4565	364
45658	24
4566	200
45662	156
45664	28
45666	300
45668	544
4567	72
45672	892
45679	8
4568	192
4569	68
457	37840
4570	144
45707	1
4571	5996
4572	772
45720	1568
45722	4412
45726	416
45728	1256
4573	144
45730	676
45732	500
4574	216
4575	68
4576	56
4577	608
4578	368
4579	40
458	908
4580	380
4581	76
4582	52
4583	76
4584	240
4585	384
45852	60
4586	144
4587	1232
4588	124
45880	616
4589	472
459	912
4590	124
4591	440
4592	60
45928	360
4593	248
4594	52
4595	256
45950	1592
4596	44
4597	296
4598	104
45981	63
4599	536
46	2708
460	792
4600	336
4601	68
4602	440
4603	352
46034	2
4604	24
4605	312
4606	48
46062	64
4607	72
4608	112
4609	76
461	728
4610	208
4611	116
4612	512
4613	692
4614	404
4615	160
4616	1216
4617	196
4618	404
4619	308
46194	8
462	172
4620	172
4621	2688
4622	212
4623	2792
46231	2
4624	336
4625	256
46258	9
4626	108
4627	72
4628	264
4629	128
463	140
4630	64
4631	20
4632	72
46322	344
4633	80
46335	264
46337	48
4634	84
46347	60
4635	136
4636	252
4637	72
4638	1960
4639	1384
464	1100
4640	240
4641	1948
4642	832
4643	2672
46430	24
4644	208
4645	80
4646	144
4647	12
4648	3
4649	200
465	628
4650	40
4651	52
4652	60
4653	116
46530	980
4654	972
4655	56
46559	132
4656	9
4657	40
46572	40
46574	52
46578	2436
4658	84
46581	1
4659	184
466	10356
4660	108
4661	864
4662	616
4663	132
4664	324
4665	184
46653	15
4666	116
46664	12
4667	20
4668	36
4669	112
467	556
4670	284
4671	76
4672	376
46723	2112
4673	1276
4674	116
4675	360
4676	608
4677	1612
46772	120
4678	1444
4679	2020
468	5940
4680	160
46803	96
4681	1880
4682	440
4683	288
46839	18
4684	24
4685	160
46850	208
46855	76
4686	344
46865	132
4687	40
4688	488
4689	48
469	1200
4690	188
46901	4
4691	44
46919	44
4692	144
4693	24
4694	16
46948	604
4695	40
46959	52
4696	156
46965	884
46967	212
4697	204
46970	628
46972	988
46974	192
46976	2416
4698	32
4699	576
47	13196
470	372
4700	836
4701	3732
4702	30
4703	1268
4704	240
47044	832
47047	2
47049	12
4705	324
4706	136
4707	36
4708	148
4709	204
47099	1376
471	4876
4710	548
4711	100
47117	28
4712	72
47122	208
47124	76
4713	1120
4714	200
47148	20
4715	36
4716	52
4717	32
4718	5064
4719	456
472	540
4720	3220
47200	728
47202	52
4721	332
4722	76
4723	576
4724	12
4725	588
47254	48
4726	12
47261	88
47264	120
4727	348
47274	36
4728	1164
4729	108
473	508
47306	52
4731	72
4732	672
4733	444
47330	16
4734	1980
4735	1108
4736	208
4737	144
4738	176
47382	188
47384	20
4739	20
47394	12
474	16176
4740	44
4741	636
4742	4
47423	532
4743	196
4744	1368
47446	28
4745	672
4746	28
47465	164
4747	4
4748	604
4749	204
47493	16
475	3748
4750	268
4751	40
47516	52
47518	192
4752	60
4753	56
4754	988
4755	12
4756	616
4757	468
4758	192
4759	40
476	204
4760	8
47601	3
4761	80
47610	2432
47615	2
4762	2
47629	468
4763	16
47634	3
4764	52
47640	208
47642	36
47644	172
47646	80
4765	156
4766	132
4767	172
4768	112
4769	76
477	4024
4770	280
4771	392
4772	72
47721	48
47723	20
47725	80
47728	6
4773	72
4774	180
4775	216
4776	2324
4777	24
47778	60
4778	4
4779	48
47793	28
478	128
4780	72
47805	12
4781	28
47810	120
47815	3
4782	212
4783	252
47830	20
47836	4
4784	256
4785	52
4786	88
4787	588
4788	100
4789	128
47894	92
479	552
4790	44
47907	8
4791	32
4792	100
4793	44
47937	80
4794	72
47940	8
4795	200
47950	152
47952	68
47956	42
4796	48
4797	52
47970	184
47976	56
47978	44
4798	264
4799	472
47997	668
47999	272
48	9864
480	19676
4800	196
4801	64
4802	552
4803	292
48032	36
4804	44
48043	976
4805	48
4806	132
48061	76
4807	156
4808	208
48082	784
4809	408
481	4020
4810	36
4811	352
4812	240
48123	2
4813	268
4814	1232
48142	540
4815	976
48150	16
48159	16
4816	4740
48161	136
4817	28
4818	40
4819	84
48198	8
482	2332
4820	1
4821	492
48214	8
4822	68
4823	2248
48231	9
4824	104
4825	20
4826	412
48262	16
4827	60
4828	32
4829	48
483	268
4830	300
48301	24
48304	1156
4831	40
48319	172
4832	28
48322	552
48326	72
4833	296
4834	132
48342	20
4835	448
4836	124
4837	76
48374	1
4838	108
48385	4044
4839	64
48394	4340
484	612
4840	112
4841	80
48412	296
48414	216
48416	192
4842	236
4843	8
4844	1860
4845	564
4846	1048
4847	168
4848	6216
4849	264
485	10000
4850	172
4851	48
48516	6084
48518	236
4852	140
48520	240
48522	68
4853	92
4854	44
4855	3868
4856	84
48560	220
48567	6
4857	1068
4858	60
48584	8
4859	28
48591	100
48593	244
48596	96
48598	96
486	260
4860	28
48600	28
4861	44
4862	216
4863	144
4864	44
48649	1
4865	3088
4866	1064
4867	1164
48678	128
4868	48
48682	28
4869	28
48696	800
48698	132
487	540
4870	112
4871	212
48711	40
4872	148
4873	1824
48738	1972
4874	4228
48741	84
48744	256
4875	68
4876	1272
4877	80
48774	3384
4878	10020
48780	3628
48783	564
4879	64
48791	32
488	540
4880	1804
4881	2868
4882	2
4883	8
4884	48
4885	404
48856	56
4886	14708
4887	820
48872	80
48877	424
48879	72
4888	200
48883	128
4889	752
48899	1
489	2532
4890	3160
48909	16
4891	12
4892	20
4893	156
4894	52
48943	52
4895	24
4896	10652
4897	60
4898	504
48982	292
4899	572
48997	320
49	140
490	1372
4900	208
49007	24
4901	3756
49013	28
4902	804
4903	1096
49037	2
4904	3
4905	3
4906	6
4907	24
4908	44
4909	112
491	4576
4910	12
4911	504
49110	28
4912	700
4913	16
49130	232
49132	64
4914	1020
4915	300
4916	440
4917	28
4918	124
4919	96
492	2684
4920	156
49200	52
49205	36
4921	448
4922	20
49220	256
4923	12
4924	36
4925	32
4926	48
49263	16
49265	32
4927	48
49272	5236
49274	320
49276	68
49278	488
4928	360
49280	136
49282	64
49284	76
49286	624
4929	260
493	3048
4930	32
4931	44
49312	4
49314	196
4932	204
4933	32
4934	44
49347	276
4935	16
49355	44
4936	416
4937	36
4938	8
4939	368
49396	196
494	10952
4940	12
4941	1280
4942	32
49422	12
4943	24
4944	116
4945	184
4946	80
4947	120
4948	20
4949	68
495	552
4950	60
4951	800
4952	56
49524	72
49526	36
49528	100
4953	28
49530	2320
4954	620
4955	84
4956	232
4957	480
49571	6
4958	1028
4959	56
496	224
4960	12
4961	128
4962	32
4963	7168
4964	32
49642	12
49644	6
49647	52
49649	192
4965	160
49651	272
4966	168
49666	32
4967	628
4968	16
49688	12
4969	228
497	6284
4970	404
4971	392
4972	20
4973	6432
4974	744
4975	2764
4976	256
4977	96
49772	224
4978	556
4979	3692
49793	112
498	136
4980	1336
4981	156
49817	3
4982	28
49822	428
49824	180
4983	24
4984	20
4985	68
49856	3
4986	48
4987	88
4988	56
4989	168
499	320
4990	288
4991	312
49910	108
4992	1980
4993	9684
49932	316
4994	552
4995	12980
49957	68
4996	176
49961	344
4997	32
4998	72
4999	96
5	4372
50	32492
500	11272
5000	80
50003	52
50005	256
5001	72
50011	48
5002	148
5003	120
5004	176
5005	128
5006	24
50064	188
50066	48
50068	1028
5007	100
5008	924
5009	612
501	1516
5010	2908
5011	272
5012	212
5013	4664
5014	984
50147	92
50149	28
5015	3772
50151	12
50153	52
50158	32
5016	1120
50160	120
50162	60
5017	148
5018	36
50189	80
5019	12
502	1152
5020	8
5021	288
5022	140
50229	12
5023	256
5024	8
5025	1756
50253	9
50259	20
5026	976
5027	460
50274	84
5028	56
5029	32
503	68
5030	8
5031	4
5032	8
5033	156
5034	352
50347	4
5035	52
50354	16
50356	4
5036	140
5037	16
5038	52
5039	288
504	448
5040	684
5041	40
5042	32
5043	8
5044	20
50440	20
50442	160
50445	96
50447	32
5045	8
5046	172
5047	488
50477	1
5048	476
5049	1332
505	1084
5050	12
5051	756
50514	132
5052	15
5053	184
5054	424
5055	772
5056	196
5057	24
5058	48
50583	3
5059	204
50594	6
506	1128
5060	10468
50601	476
5061	96
50619	6
5062	256
5063	84
5064	3356
5065	2060
50658	120
5066	948
5067	6
5068	120
50685	308
5069	308
507	1380
5071	96
5072	560
5073	296
5074	332
5075	152
5076	156
5077	244
5078	48
5079	56
50792	84
50794	676
50796	16
50798	348
508	7800
5080	432
50800	68
50802	212
50804	184
50806	200
5081	212
5082	32
5083	48
5084	32
50842	56
5085	68
50851	68
50858	44
5086	20
5087	56
50872	1552
5088	52
5089	12
50898	4
509	7268
5090	136
5091	12
50912	392
5092	236
50923	156
5093	648
5094	732
50949	2
5095	208
5096	172
5097	44
50970	6
5098	32
5099	360
51	27
510	788
5100	84
51007	52
5101	196
51014	6
5102	572
5103	2540
51037	100
5104	28
5105	512
5106	676
5107	876
51077	672
5108	1156
51080	768
51082	32
51084	644
51086	628
51088	208
5109	320
51091	500
51094	36
511	1524
5110	1584
5111	552
5112	260
51127	12
5113	48
5114	152
5115	44
5116	56
5117	164
51174	84
5118	160
5119	120
512	1076
5120	828
51209	1
5121	120
5122	312
5123	80
5124	20
5125	252
51255	3028
5126	80
5127	524
51277	24
5128	924
5129	28
513	540
5130	16
51304	6
5131	56
51314	16
5132	6
5133	16
5134	224
5135	2100
5136	132
5137	292
51372	3
5138	2
5139	956
514	3984
5140	176
5141	216
51412	440
51418	160
5142	72
5143	68
5144	28
5145	100
5146	968
5147	948
51471	228
5148	20
5149	20
51498	8
515	8972
5150	12
5151	1492
5152	2208
5153	64
5154	12
51540	1524
5155	60
5156	24
51562	40
5157	32
51575	328
5158	68
5159	704
516	2996
5160	32
5161	136
5162	56
5163	32
51638	32
5164	96
5165	148
5166	16
51660	64
51662	3624
51666	36
5167	116
51678	72
5168	164
5169	132
51694	84
51698	232
517	3096
5170	132
51705	112
51709	412
5171	2452
5172	412
5173	56
5174	72
5175	33
5176	12
5177	432
5178	16
5179	120
518	488
5180	80
5181	48
5182	24
5183	16
51834	220
5184	60
5185	44
51857	4
5186	36
5187	80
5188	44
51884	120
5189	68
519	1564
5190	48
51903	60
51911	12
5192	24
51925	284
51927	32
5193	204
51931	148
51933	28
51935	400
51937	144
51939	92
5194	6
5195	28
5196	52
5197	132
5198	280
5199	136
51991	32
52	7480
520	9964
5200	56
52005	36
5201	28
52016	6
5202	36
5203	36
52037	4
5204	60
52042	116
5205	128
5206	12
5207	60
5208	36
5209	48
521	764
5210	36
52101	2
5211	148
5212	124
5213	244
5214	740
5215	100
5216	20
5217	48
5218	7196
5219	2796
522	828
5220	880
5221	112
5222	1140
52227	60
5223	132
5224	92
52241	484
52245	808
5225	3228
5226	316
5227	92
52279	60
5228	56
52281	1656
52283	152
52285	12
52287	172
5229	12
523	424
5230	168
5231	84
5232	140
52321	52
52328	944
5233	40
5234	108
5235	60
52352	8
52356	32
5236	52
5237	308
52375	208
5238	124
5239	32
524	3004
5240	132
5241	104
52413	28
5242	36
5243	72
52435	108
5244	216
52448	24
5245	36
52456	80
52458	656
5246	168
52460	140
52462	48
5247	1052
5248	100
5249	56
525	96
5250	476
5251	16
5252	9
5253	12
5254	3040
52545	16
5255	368
5256	44
52561	3
5257	2
52579	100
5258	96
5259	12
52591	16
526	64
5260	15
52604	292
52606	40
5261	4
5262	28
5263	16
5264	236
52644	88
5265	572
5266	2196
52666	4
52668	56
5267	780
5268	68
5269	232
52694	112
527	17084
5270	8
5271	3
52712	68
52715	24
52717	32
5272	92
52722	752
52724	36
5273	20
5274	8
5275	28
5276	60
52767	20
5277	16
5278	24
5279	112
528	272
5280	12
5281	4
5282	376
5283	600
52838	44
5284	100
5285	28
5286	24
52865	1
52867	44
5287	124
5288	164
52885	368
5289	32
529	9076
5290	48
5291	2208
5292	728
52929	9
5293	1832
5294	1628
5295	68
52950	224
52952	356
5296	896
52967	224
5297	408
52973	2164
52975	512
5298	528
5299	7268
53	132
530	24
5300	232
53000	1284
53002	100
53004	68
5301	60
5302	24
5303	1436
53038	21
5304	192
5305	176
5306	16
5307	76
5308	1040
5309	1052
531	2888
5310	280
5311	96
5312	1052
53121	428
53123	768
53125	1024
53127	72
53129	300
5313	1636
53131	20
53133	20
5314	40
53143	32
5315	28
5316	864
53161	32
5317	40
5318	4
53189	104
5319	344
532	5196
5320	2
53207	76
5321	40
5322	8
5323	344
5324	208
5325	276
5326	4
5327	24
5328	12
5329	396
533	1380
5330	2
5331	20
53318	124
5332	24
53322	768
53326	12
5333	92
5334	240
53342	1
53349	36
5335	88
53355	1
5336	40
5337	196
5338	24
5339	596
534	4144
5340	52
5341	460
5342	36
5343	148
53435	216
5344	92
53447	160
5345	36
53450	48
5346	296
53460	252
53464	828
53466	52
53468	208
5347	92
53476	2
5348	168
5349	7084
535	1840
5350	16
5351	16
53519	432
5352	100
5353	96
5354	52
5355	32
53550	220
5356	24
5357	128
53574	20
53578	24
5358	68
5359	104
536	356
5360	60
5361	176
5362	52
5363	260
5364	588
5365	36
5366	44
5367	288
5368	36
5369	16
537	1064
5370	8
5371	12
5372	72
5373	44
53737	12
5374	16
5375	52
53752	4
5376	44
53769	20
5377	2932
5378	11268
5379	220
538	4412
5380	644
5381	64
5382	200
5383	356
53833	1
53835	6
5384	56
5385	520
5386	44
5387	444
5388	4432
53883	6
53887	20
5389	388
53894	516
539	23848
5390	100
5391	880
5392	100
53921	88
5393	12
5394	44
5395	40
53953	696
53956	200
5396	52
5397	104
53972	1584
53974	48
5398	180
53988	48
5399	108
53993	288
53996	1960
53999	36
54	724
540	2224
5400	2640
54001	948
54004	344
5401	500
5402	2
5403	8
5404	304
5405	8
5406	68
5407	8
54075	4
5408	8
5409	116
54094	16
541	21036
5410	240
5411	28
54116	36
5412	64
5413	8
5414	636
54144	1
5415	452
5416	44
5417	248
5418	5356
5419	644
54190	208
54193	24
54196	12
54198	2
542	1584
5420	1112
5421	452
5422	204
5423	108
5424	124
5425	80
54256	160
54259	808
5426	40
54268	4
5427	144
54270	16
54272	2616
54274	64
54276	184
54278	32
5428	248
54281	92
54284	6
54286	1780
5429	44
54290	36
543	9620
5430	8
5431	112
54318	1
5432	20
54328	8
5433	164
54331	44
5434	160
5435	80
5436	44
5437	92
54372	48
5438	236
5439	84
544	740
5440	140
5441	8
54419	4
5442	140
5443	96
5444	1364
5445	7636
5446	852
5447	192
5448	60
5449	1040
545	12
5450	264
54503	880
54505	16
5451	152
54510	16
54513	52
5452	732
5453	80
5454	128
5455	24
5456	76
5457	40
5458	120
5459	2740
546	2116
5460	204
5461	60
54612	24
5462	120
54621	8
5463	960
5464	2396
54648	184
5465	24
5466	60
5467	16
5468	20
54686	32
5469	16
54691	3
547	740
5470	232
5471	132
5472	100
5473	48
54732	72
54734	36
54736	232
5474	52
54745	80
5475	452
5476	196
54768	72
5477	220
54771	272
54775	72
54778	6
5478	1040
54780	160
54783	12
54785	192
54787	160
5479	1116
54796	152
548	2376
5480	604
5481	5284
5482	148
5483	468
5484	96
5485	372
5486	68
5487	16
5488	32
54881	620
5489	536
549	1200
5490	68
5491	40
54910	8
5492	28
5493	380
54934	68
5494	36
5495	44
54958	6
5496	36
54962	136
5497	348
54978	24
5498	208
5499	328
54995	856
54997	1592
54999	596
55	932
550	3036
5500	1876
5501	472
5502	6976
55020	100
5503	72
5504	712
5505	1840
55052	1068
5506	764
55063	44
55069	260
5507	3020
55071	124
5508	860
55080	240
5509	68
55094	328
551	15108
5510	16
55100	12
5511	28
55110	16
55116	72
55118	1324
5512	48
5513	104
5514	24
5515	80
55154	21
55156	4
55159	2
5516	64
5517	84
55176	32
55178	20
5518	8
5519	40
55190	12
552	9744
5520	8
55205	84
5521	200
5522	664
5523	368
55232	472
5524	1000
55241	172
55245	288
55247	1176
5525	536
55250	108
55253	308
55255	52
55257	20
55259	68
5526	176
55261	176
55267	588
55269	816
5527	472
55272	252
55274	272
55276	1208
55278	44
5528	3116
55280	672
55282	368
55284	156
55286	112
55288	60
5529	304
55290	1096
55292	36
553	12980
5530	772
5531	92
5532	108
55324	1
5533	2
5534	20
5535	12
5536	8
55363	240
5537	28
5538	152
5539	192
55391	4
554	496
5540	472
55402	32
5541	804
55417	4
55419	20
5542	44
5543	52
5544	624
55440	4
55442	564
55444	168
5545	24
55451	52
5546	136
5547	4
5548	760
5549	8
55492	24
55498	4
555	11600
5550	48
55507	4
5551	12
55517	2
5552	108
5553	500
5554	16
5555	104
55553	176
55555	40
5556	524
55566	20
5557	40
55577	228
5558	16
5559	16
556	988
5560	60
55603	20
5561	64
5562	12
55620	8
5563	484
5564	252
5565	1
5566	6
55668	4
5567	32
5568	280
55687	72
5569	124
5570	380
5571	8
5572	1200
55721	44
55726	24
55729	76
5573	380
55732	68
5574	1736
5575	48
5576	20
55765	1040
55768	272
5577	872
5579	9
558	484
5580	136
55805	232
5581	132
55814	240
5582	468
55820	1648
5583	48
55830	264
5584	420
55844	3
5585	368
55851	16
55854	60
5586	8
5587	52
55872	128
5588	212
5589	136
55895	12
559	32
5590	32
55901	6
55908	456
5591	128
5592	33
55926	27
5593	68
55946	160
5595	36
55955	68
5596	220
5597	212
5598	152
5599	48
55995	648
55999	116
56	72
560	48
5600	68
56001	72
56003	140
5601	144
56015	2
5602	400
56028	3
5603	264
56030	3
5604	192
5605	52
5606	24
56060	12
56067	4
5607	76
5608	1056
5609	272
561	172
5610	300
5611	528
5612	156
5613	524
5614	20
56141	32
56145	260
5615	72
56152	388
56156	348
56158	12
5616	3
56165	36
56167	20
56169	68
5617	2760
56171	388
56174	2324
56176	92
5618	6840
5619	88
562	4864
5620	984
5621	1128
5622	24
5623	6
5624	16
5625	496
56251	216
56253	1
5626	16
5627	16
56274	116
5628	148
56286	208
5629	112
563	352
5630	1572
5631	16
5632	148
5633	396
56333	120
56339	416
5634	12
5635	164
5636	92
56367	2984
5637	144
5638	408
56389	48
5639	88
564	92
5640	240
5641	16
5642	264
5643	136
5644	320
5645	24
5646	432
5647	52
5648	196
5649	260
565	532
5650	568
56508	68
5651	116
56511	4
5652	12
5653	88
5654	8
5655	168
5656	16
56563	60
5657	60
5658	44
56587	272
5659	44
566	48
5660	68
56607	156
5661	24
5662	20
5663	188
56633	4
5664	112
5665	148
5666	820
5667	168
56671	2
5668	324
5669	4388
567	120
5670	264
56700	8
5671	21
56715	56
56719	12
5672	124
5673	3724
5674	6
56744	6
56748	2
5675	92
56757	1384
5676	2
5677	88
56775	340
5678	220
56782	896
56788	404
5679	3320
568	156
5680	276
56801	148
56805	200
5681	28
5682	108
5683	3
5684	112
5685	628
5686	204
5687	40
5688	76
56885	224
5689	144
569	1348
5690	796
56908	36
5691	144
56915	92
5692	80
56921	92
5693	1120
5694	344
56941	132
56945	28
56949	204
5695	36
5696	272
5697	68
5698	3
5699	48
57	1176
570	76
5700	16
5701	28
5702	3
5703	36
5704	6
5705	244
5706	40
5707	256
5708	24
5709	28
571	168
5710	20
5711	4
5712	268
5713	3
5714	24
57147	56
5715	27
5716	6
5717	60
5718	64
5719	28
572	36
5720	12
5721	196
5722	20
57223	96
5723	128
5724	20
57243	64
5725	36
5726	32
5727	20
57274	68
5728	36
5729	64
573	204
5730	40
5731	140
5732	140
57326	96
5733	40
5734	172
5735	108
57353	84
57357	2
5736	72
57368	636
5737	48
57370	12
5738	48
5739	40
574	496
5740	32
57401	64
5741	40
5742	36
5743	84
5744	20
5745	72
5746	4
57464	100
5747	780
57473	2
57476	4
57478	2
5748	12
57480	4
57484	6
5749	276
57499	4
575	828
5750	18
57504	28
57509	4
5751	12
5752	376
57520	20
57522	24
57526	80
57528	484
5753	8
57530	8
57532	100
57534	116
57536	80
57538	52
5754	44
5755	40
57550	3
5756	32
5757	2
5758	8
5759	8
576	8
5760	36
5761	16
5762	28
5763	24
5764	76
57640	252
5765	144
57655	16
5766	6
57669	428
5767	44
5768	60
5769	132
57690	12
577	584
5770	36
5771	56
5772	204
5773	168
5774	8
5775	24
5776	12
5777	244
5778	16
5779	120
57792	16
5780	280
5781	28
57811	3
5782	2592
5783	72
5784	896
57845	56
57848	4
5785	976
5786	8
57865	9
5787	148
5788	144
5789	16
579	24
5790	8
5791	976
57910	44
5792	360
5793	6
5794	52
57949	12
5795	16
57951	212
5796	324
57964	4
5797	172
5798	60
5799	164
58	9276
580	324
5800	120
5801	264
5802	112
58025	320
58029	2
5803	708
5804	724
58047	256
5805	2
58059	2
5806	8
5807	16
58078	56
5808	196
58084	4
5809	372
581	612
5810	1580
58103	216
58105	116
58107	52
5811	4
5812	700
5813	16
5814	2
58146	36
5815	72
58154	276
58156	120
5816	8732
58162	112
5817	172
5818	104
58185	1
5819	40
58191	96
582	56
5820	188
5821	52
5822	20
5823	16
5824	52
58246	68
5825	84
5826	316
5827	12
5828	16
5829	132
58291	40
58293	148
58295	824
58297	84
58299	300
583	116
5830	172
58301	64
58303	300
58306	76
58309	9
5831	4
58315	104
5832	44
5833	588
58332	36
58334	60
5834	16
58347	104
5835	16
58351	128
5836	140
58367	12
5837	4
58376	54
5838	64
58381	8
5839	112
584	12
5840	88
5841	456
58418	24
5842	44
5843	296
58439	12
5844	8
5845	60
5846	36
5847	300
5848	20
5849	4
58490	140
58492	32
58494	36
585	7572
5850	16
5851	28
5852	144
58520	1
5853	712
5854	116
5855	80
58559	3296
5856	4
58564	2
5857	32
5858	60
5859	148
58595	1
586	21080
5860	30
5861	4
5862	84
58622	56
58627	64
5863	16
5864	152
5865	15
58652	8
58655	92
5866	16
5867	220
5868	56
5869	92
587	22400
5870	16
58706	40
5871	2
5872	3568
5873	268
5874	308
5875	136
5876	1460
5878	960
58783	12
5879	212
588	32700
5880	48
58803	580
58806	100
58808	4
5881	1952
5882	396
5883	208
58839	56
5884	76
5885	12
5886	8
5887	36
58876	100
58879	44
5888	88
5889	16
58898	2
589	17332
5890	300
5891	124
5892	12
5893	268
5894	16
5895	8
5896	112
58964	9
5897	3
58972	24
58975	124
5898	96
5899	772
58998	420
59	216
590	15112
5900	1072
59000	6
5901	152
59014	64
59016	216
59018	88
5902	6256
59022	120
59026	36
5903	1276
59037	196
5904	4
59044	2
5906	16
59065	18
5907	24
5908	12
5909	92
591	8
5910	18
59103	156
59105	56
59107	16
5911	64
59118	52
5912	32
59126	32
59129	12
5913	20
5914	152
59141	92
59143	64
5915	80
59154	4
59157	4
5916	60
5917	36
59173	4
5918	40
5919	52
592	37956
5920	4
5921	24
5922	4
5923	120
5924	20
5925	76
59256	16
59258	224
5926	32
5927	396
5928	48
5929	28
59290	12
59295	48
593	46568
5930	60
59306	44
5931	36
59313	3
59315	1196
5932	172
5933	36
59333	104
59336	64
59339	12
5934	3
5935	36
5936	120
59362	24
59369	40
5937	132
5938	156
59382	32
59387	84
5939	40
59392	16
594	14144
5940	128
59404	44
5941	300
59418	6
5942	280
59421	180
5943	628
5944	2224
59440	16
5945	3968
5946	12
5947	204
59478	2
5948	16
5949	92
595	14104
5950	6
59501	256
5951	144
59519	20
5952	18776
5953	32
5954	2712
5955	472
5956	4632
5957	780
5958	220
5959	536
59590	60
59594	24
596	9568
5960	40
59604	88
59607	24
5961	176
59615	664
5962	288
59625	1
5963	44
5964	28
5965	96
59655	4
5966	76
5967	4
5968	252
59680	1
59684	6
5969	564
597	13076
5970	1332
59709	28
5971	2416
59715	32
5972	52
59721	20
59725	448
59727	96
59729	8
5973	4
59731	156
59738	6
5974	104
5975	52
5976	4
5977	40
5978	12
59784	424
5979	12
59795	12
598	64
5980	72
5981	136
59810	44
59816	9
5982	12
5983	168
59832	3
59834	12
5984	60
59840	1
5985	32
59854	2
59858	2
5986	84
5987	88
5988	100
5989	10464
599	2532
5990	156
59900	340
59908	32
5991	5636
59910	24
59912	24
59915	24
5992	3076
5993	172
5994	364
5995	5744
5996	48
5997	12
5998	64
59985	92
5999	304
59995	116
6	19128
60	4552
600	228
6000	20
6001	1032
6002	256
6003	2164
60037	452
6004	9
60040	780
60044	6
60046	6
6005	388
6006	392
60069	1712
6007	9
60072	748
60074	824
6008	140
6009	28
601	100
6010	68
6011	36
6012	316
60126	560
6013	444
60133	12
60135	4
60137	8
6014	464
60141	18
60147	16
6015	32
6016	2524
60161	144
6017	40
6018	8
60189	2
6019	12
602	268
6020	88
60201	12
6021	152
6022	136
6023	248
60237	1
6024	32
6025	220
6026	16
6027	372
6028	4
60284	2
60286	12
60289	16
6029	16
60291	32
60293	60
60295	12
603	300
6030	16
60309	4
6031	112
6032	184
60322	12
6033	68
60333	20
60336	1
6034	24
60341	8
6035	120
6036	88
60363	44
6037	96
6038	40
60389	8
6039	324
60391	2
60393	2
60397	100
604	6
6040	320
60405	3
6041	104
60411	16
60418	24
6042	76
60421	2
6043	8
6044	140
6045	32
6046	12
6047	32
60471	6
60475	4
6048	6
60484	4
60487	88
6049	52
60494	1
605	1224
6050	68
60503	3
6051	156
60514	172
60516	72
6052	12
60522	32
60524	8
60526	12
6053	16
60530	4
6054	68
6055	20
6056	76
6057	84
6058	1092
6059	744
60590	6
606	552
6060	404
6061	4
60618	4
6062	892
6063	316
6064	104
60647	120
60649	28
6065	88
60654	20
6066	140
60666	1
6067	56
60674	36
6068	12
60688	4
6069	12
607	12
6070	32
6071	12
6072	20
60728	4
6073	16
60735	12
6074	8
60745	3
6075	8
60753	216
60756	108
60758	12
6076	28
60760	200
60763	28
60766	76
60768	4
6077	64
6078	204
6079	6
608	14512
6080	36
6081	12
6082	84
6083	20
60832	36
6084	36
6085	1
6086	36
6087	44
6088	32
60880	1
6089	8
60894	4
609	868
6090	8
6091	44
6092	52
6093	344
60937	140
60939	4
6094	76
60941	24
60943	16
60946	4
60948	16
6095	9
60950	156
6096	36
6097	6
6098	3
60983	2
6099	68
60990	3
61	960
610	6472
6100	180
6101	272
61011	4
6102	96
61024	180
6103	40
61037	3
6104	832
61048	2
6105	56
6106	6
6107	80
61071	76
61073	16
61075	76
6108	8
6109	60
611	700
6110	16
6111	32
6112	12
61123	56
6113	15
61132	504
6114	32
6115	76
6116	148
61160	92
61167	20
6117	9
6118	16
6119	20
612	628
6120	48
6121	16
61210	9
6122	208
6123	32
61236	3
6124	92
61240	76
61246	68
61248	36
6125	256
61250	24
61253	3
61255	24
61257	6
6126	20
61262	68
61264	12
61267	12
61269	6
6127	56
61279	1
6128	36
61289	40
6129	32
613	1860
6130	32
6131	48
61312	6
6132	44
61323	580
6133	16
6134	60
61348	60
6135	56
61350	156
61352	128
61354	28
61357	4
6136	4
61361	36
6137	12
6138	4
6139	48
61394	20
614	116
6140	140
61401	15
6141	40
61414	2
6142	9
6143	280
61434	6
6144	52
6145	27
6146	3
61465	40
61467	2
6147	48
61470	4
61473	6
61475	3
6148	28
6149	16
615	372
6150	3
6151	8
6152	76
6153	72
6154	108
6155	1108
6156	1692
61560	2
6157	1684
6158	152
61586	2
6159	124
616	2244
6160	28
6161	20
6162	104
61628	2
6163	292
61634	4
61638	1
6164	12
61646	3
6165	2
6166	740
6167	6
61678	24
6168	32
6169	32
61692	3
61695	1
61697	44
617	416
6170	344
61705	16
61707	3
6171	6
6172	8
61724	4
61729	108
6173	92
6174	24
61742	2
6175	4
6176	28
61768	1
6177	60
6178	112
6179	76
618	272
6180	112
6181	144
61816	4
61818	12
6182	40
6183	556
6184	848
6185	324
6186	284
61862	1
6187	1276
6188	1748
6189	1
619	684
6190	52
6191	20
61913	1
6192	48
6193	204
61931	36
61934	6
61937	3
6194	16
61941	2
61948	1
6195	88
61950	2
6196	372
61961	8
61967	20
6197	384
61970	1
6198	40
61986	52
6199	6
61991	6
62	15476
620	24
6200	72
62000	3
62008	2
6201	68
62010	3
6202	88
6203	164
6204	156
62049	48
6205	20
62054	2
6206	52
62063	1
6207	36
6208	84
62081	200
6209	3
621	336
6210	36
6211	56
62113	44
6212	772
6213	540
62137	28
6214	332
6215	488
62153	8
62155	92
6216	288
6217	116
6218	2296
6219	372
62198	6
6220	152
62203	3
6221	20
6222	76
6223	192
62235	8
62237	1
6224	6
62245	1
6225	72
62250	32
62254	3
6226	84
62265	2
6227	9
62277	4
6228	56
6229	64
62293	28
62299	6
623	8
6230	144
6231	24
6232	132
6233	104
62331	2
62334	4
62336	36
6234	100
62344	28
6235	740
6236	36
6237	276
62374	84
62376	12
62378	2
6238	960
62383	12
62385	3
6239	252
62390	3
62394	40
624	20
6240	76
6241	80
6242	792
6243	104
62434	92
62437	60
62439	18
6244	176
6245	52
6246	12
6247	52
62474	1
6248	20
6249	272
625	15
6250	432
6251	56
62511	28
6252	204
62526	4
6254	148
6255	12
62553	12
6256	4
6257	24
62577	2
6258	56
62586	4
6259	24
626	532
6260	56
6261	72
6262	12
6263	620
6264	556
62644	3
6265	188
6266	464
62660	1
62662	2
6267	56
62671	1
6268	192
6269	280
627	704
6270	364
6271	156
62718	2
6272	36
62721	3
62729	2
6273	104
62733	36
6274	8
6275	4
6276	24
62764	2
6277	12
6278	24
62788	8
6279	292
62792	12
62796	10
62799	3
628	9544
6280	144
62801	20
62803	12
6281	3568
6282	2
6283	1568
62834	36
62836	4
6284	16
62847	2
62849	12
6285	100
62851	2
6286	868
6287	1048
6288	416
6289	28
629	12
6290	244
6291	668
62912	16
62916	3
6292	9
62920	2
62925	3
6293	48
6294	1012
6295	16
62956	256
6296	1100
6297	1672
62970	12
62972	6
6298	144
6299	1052
62999	76
63	1808
630	112
6300	144
6301	372
6302	28
6303	560
63033	40
6304	44
6305	1064
6306	92
63062	104
63069	2
6307	16
6308	144
63082	88
6309	16
631	784
6310	12
6311	36
63113	220
63119	3
6312	32
63121	6
6313	20
63131	52
6314	44
63141	1
6315	360
6316	388
6317	16
63179	1
6318	148
63181	2
63187	2
63189	9
6319	176
63194	2
632	84
6320	192
6321	28
6322	780
63222	12
6323	3200
63237	4
63239	20
6324	28
6325	176
6326	16
6327	196
63271	1
63273	4
63276	2
6328	16
63283	4
6329	36
633	304
6330	60
6331	2128
63310	2
63312	2
6332	140
63327	1
63329	24
6333	4820
63332	1
63339	2
6334	68
6335	280
6336	16
6337	512
6338	364
6339	324
63393	8
634	272
6340	12
6341	280
6342	56
6343	16
63433	20
63436	72
6344	248
63446	6
6345	464
63458	4
6346	120
63468	2
6347	24
63479	8
6348	48
63481	2
6349	132
635	376
6350	1520
6351	60
63515	4
6352	40
6353	20
6354	20
63540	3
6355	32
6356	376
6357	200
6358	328
636	12
63617	2
63645	6
63647	6
6365	5484
6366	72
63662	1
6367	596
63676	9
6368	108
63688	1
6369	16
63698	2
637	2144
6370	788
6371	88
6373	5596
6374	204
6375	172
6376	44
63760	2
63768	4
6377	6552
63772	4
6378	6000
63781	2
63788	2
6379	260
63791	2
63793	2
638	256
6380	572
63806	1
63808	2
6381	8
63810	2
6382	80
63826	1
63828	2
6383	968
63836	3
6384	12
63840	1
6385	1108
63853	20
63859	48
6386	40
63862	2
6387	188
63876	100
6388	48
639	1044
6390	96
6391	40
6392	248
6393	3
6394	164
6395	32
6396	68
6397	4
6398	80
63989	3
63992	32
64	768
640	1332
6400	64
6401	64
6402	9
6403	60
64030	24
64032	8
64034	15
6404	60
6405	112
6406	44
6407	20
6408	24
6409	44
641	72
6410	72
6411	20
64114	1
64116	2
6412	100
6413	124
6414	8
6415	12
64153	1
6416	56
6417	36
6419	28
64197	4
642	6
6420	12
6421	20
6422	216
64229	9
6423	132
64231	3
64234	6
6424	88
64243	2
64245	2
64249	20
6425	136
6426	40
6427	60
64273	4
64275	1
64278	3
6428	220
64280	2
64283	2
64285	28
64288	1
6429	192
643	16
6430	144
6431	48
6432	52
64321	2
64325	1
64327	1
6433	236
64338	9
6434	44
6435	9
6436	252
64365	1
64368	3
6437	32
6438	20
6439	24
644	12
6440	928
64408	2
6441	84
64410	2
64418	1
6442	104
64427	1
6443	20
6445	24
6446	92
6447	8
6448	560
6449	24
64497	72
64499	6
645	320
6450	64
64501	3
64508	16
6451	36
64519	3
6452	104
6453	28
6454	52
6455	48
64550	2
6456	12
6457	232
64575	24
6458	116
6459	44
6460	308
6461	396
64611	2
64614	36
6462	52
64620	40
64622	6
6463	20
6464	292
6465	24
64652	1
6466	200
6467	28
6468	44
6469	36
647	3236
6470	60
64701	9
6471	27
64716	32
6472	16
6473	24
6474	33
6475	40
64750	8
64754	1
6476	68
6477	172
6478	56
6479	12
648	13104
6480	208
6481	60
6482	1108
6483	96
64839	20
6484	192
6485	180
6486	36
6487	40
6488	44
6489	4
64895	2
64897	1
649	80
6490	12
64900	9
64903	2
64906	2
6491	2
64918	2
6492	12
64921	2
64923	2
64926	1
6493	176
64930	6
6494	12
64942	2
64944	1
6495	64
64953	1
64957	64
6496	4
64969	20
6497	12
64976	1
6498	88
64983	24
64986	4
6499	12
64990	4
64993	2
64997	20
64999	3
65	3776
650	1164
6500	44
65001	2
65006	1
6501	2
65011	1
6502	2704
65025	1
65027	1
6503	2800
65037	2
6504	2
6505	4
6506	116
6507	4
6508	60
65088	4
6509	184
65091	2
651	48
6510	52
6511	8
6512	36
65126	4
6513	12
65130	2
65133	8
6514	6
6515	8
6516	208
6517	120
6518	172
6519	96
652	64
6520	28
6521	108
6522	8
6523	220
6524	72
6525	188
6526	36
6527	80
6528	80
6529	9
653	5456
6530	260
6531	92
6532	28
6533	268
6534	3204
6535	684
6536	432
6537	2880
6538	1024
6539	7216
654	6
6540	24
6541	3104
6542	204
6543	24
6544	56
6545	164
6546	4
6547	176
6548	956
6549	204
655	18
6550	476
6551	16
6552	712
6553	9
6554	40
6555	8
6556	4
6557	16
6558	164
6559	172
656	408
6560	28
6561	172
6562	32
6563	16
6564	1028
6565	1440
6566	280
6567	268
6568	108
6569	24
657	24
6570	16
6571	52
6572	12
6573	28
6574	24
6575	48
6576	16
6577	40
6578	24
6579	92
658	8
6580	6
6581	160
6582	268
6583	88
6584	248
6585	40
6586	800
6587	588
6588	32
6589	2
659	352
6590	9
6591	300
6592	216
6593	628
6594	6
6595	688
6596	332
6597	80
6598	232
6599	16
66	2244
660	52
6600	32
6601	20
6602	80
6603	16
6604	24
6605	12
6606	2
6607	24
6608	18
6609	28
661	6992
6610	24
6611	152
6612	168
6613	84
6614	176
6615	992
6616	28
6617	912
6618	900
6619	360
662	1188
6620	2564
6621	9
6622	8
6623	36
6624	464
6625	132
6626	40
6627	18
6628	44
6629	224
663	1256
6630	144
6631	20
6632	4
6633	6
6634	6
6635	44
6636	740
6637	44
6638	268
6639	748
664	368
6640	6
6641	48
6642	108
6643	320
6644	44
6645	736
6646	148
6647	32
6648	32
6649	24
665	800
6650	556
6651	48
6652	112
6653	112
6654	9
6655	8
6656	36
6657	76
6658	484
6659	2240
666	152
6660	200
6661	3
6662	680
6663	1100
6664	416
6665	132
6666	204
6667	240
6668	100
6669	692
667	340
6670	76
6671	60
6672	140
6673	8
6674	9
6675	3
6676	40
6677	10
6678	128
6679	148
668	244
6680	84
6681	12
6682	32
6683	24
6684	128
6685	8
6686	272
6687	140
6688	20
6689	24
6690	44
6691	6
6692	28
6693	6
6694	4
6695	176
6696	100
6697	2
6698	9
6699	8
67	180
670	260
6700	36
6701	32
6702	264
6703	104
6704	4
6705	112
6706	32
6707	328
6708	3156
6709	916
671	4996
6710	120
6711	9412
6712	3
6713	208
6714	96
6715	18
6716	12
6717	24
6718	56
6719	44
672	16
6720	184
6721	256
6722	260
6723	28
6724	832
6725	108
6726	4
6727	44
6728	44
6729	8
673	6796
6730	60
6731	704
6732	140
6733	20
6734	168
6735	208
6736	12
6737	24
6738	2
6739	15
674	2704
6740	48
6741	48
6742	18
6743	624
6744	252
6745	60
6746	64
6747	100
6748	184
6749	116
675	28
6750	292
6751	248
6752	52
6753	1312
6754	2568
6755	1428
6756	84
6757	80
6758	1
6759	32
676	20
6760	60
6761	80
6762	28
6763	440
6764	980
6765	1028
6766	4
6767	2
6768	96
6769	96
6770	212
6771	48
6772	124
6773	2184
6774	528
6775	44
6776	196
6777	520
6778	4
6779	264
678	936
6780	368
6781	44
6782	188
6783	252
6784	132
6785	316
6786	640
6787	1344
6788	92
6789	80
679	72
6790	168
6791	772
6792	28
6793	908
6794	344
6795	68
6796	1288
6797	468
6798	136
6799	21
68	1136
680	784
6800	424
6801	36
6802	80
6803	264
6804	36
6805	92
6806	104
6807	5552
6808	760
6809	176
681	268
6810	828
6811	376
6812	324
6813	124
6814	72
6815	136
6816	256
6817	148
6818	168
6819	28
682	44
6820	532
6821	40
6822	32
6823	52
6824	12
6825	60
6826	88
6827	364
6828	52
6829	80
683	36
6830	20
6831	9
6832	728
6833	8
6834	40
6835	24
6836	6
6837	20
6838	1
6839	68
684	16
6840	76
6841	52
6842	32
6843	12
6844	72
6845	24
6846	20
6847	6
6848	48
6849	244
685	596
6850	476
6851	112
6852	584
6853	24
6854	64
6855	20
6856	408
6857	1132
6858	288
6859	88
6860	48
6861	28
6862	544
6863	5636
6864	88
6865	3
6866	14
6867	948
6868	288
6869	80
687	100
6870	2500
6871	56
6872	116
6873	1820
6874	6148
6875	48
6876	24
6877	12
6878	3
6879	932
688	1272
6880	384
6881	464
6882	104
6883	76
6884	88
6885	180
6886	60
6887	292
6888	616
6889	292
6890	436
6891	3
6892	48
6893	1496
6894	9
6895	36
6896	52
6897	16
6898	64
6899	16
69	1492
690	68
6900	52
6901	3
6902	96
6903	8
6905	12
6906	20
6907	8
6908	18
6909	132
691	1044
6910	60
6911	40
6912	12
6913	12
6914	12
6915	4
6916	9
6917	3
6918	88
6919	4
692	352
6920	108
6921	24
6923	28
6924	12
6925	16
6926	32
6927	264
6928	12
6929	2
693	20
6930	12
6931	8
6932	376
6933	12
6934	3792
6935	168
6936	1240
6937	28
6938	12
6939	88
694	1072
6940	16
6941	1
6942	2132
6943	1
6944	2056
6945	184
6946	348
6947	4508
6948	88
6949	48
695	704
6950	516
6951	628
6952	1368
6953	3504
6954	820
6955	6
6956	12
6957	1016
6958	388
6959	276
696	72
6960	4
6961	92
6962	3
6963	112
6964	24
6965	20
6966	376
6967	24
6968	12
6969	28
697	500
6970	188
6971	76
6972	6
6973	44
6974	616
6975	176
6976	112
6977	200
6978	388
6979	1364
698	112
6980	44
6981	80
6982	28
6983	168
6984	72
6985	408
6986	252
6987	784
6988	48
6989	396
699	12
6990	232
6991	132
6992	268
6993	560
6994	108
6995	48
6996	856
6997	156
6998	128
6999	96
7	11464
70	4192
700	1100
7000	360
7001	1032
7002	40
7003	164
7004	976
7005	348
7006	28
7007	840
7008	192
7009	456
701	20
7010	184
7011	80
7012	148
7013	320
7014	100
7015	76
7016	232
7017	268
7018	804
7019	84
702	296
7020	168
7021	76
7022	956
7023	716
7024	92
7025	324
7026	140
7027	956
7028	232
7029	156
703	100
7030	248
7031	44
7032	84
7033	188
7034	1208
7035	68
7036	680
7037	108
7038	124
7039	92
704	1672
7040	184
7041	68
7042	128
7043	144
7044	408
7045	624
7046	668
7047	84
7048	140
7049	44
705	200
7050	60
7051	60
7052	18
7053	15
7054	48
7055	100
7056	160
7057	48
7058	76
7059	144
706	84
7060	236
7061	64
7062	184
7063	376
7064	236
7065	148
7066	16
7067	124
7068	52
7069	124
707	1776
7070	148
7071	56
7072	280
7073	340
7074	56
7075	216
7076	456
7077	12
7078	68
7079	140
708	6088
7080	92
7081	16
7082	88
7083	32
7084	264
7085	64
7086	104
7087	176
7088	96
7089	212
709	932
7090	2456
7091	264
7092	28
7093	52
7094	20
7095	52
7096	76
7097	4
7098	4
7099	648
71	1084
710	588
7100	28
7101	360
7102	636
7103	36
7104	504
7105	3
7106	48
7107	204
7108	48
7109	12
711	1468
7110	12
7111	64
7112	32
7113	16
7114	108
7115	232
7116	548
7117	348
7118	176
7119	136
712	224
7120	16
7121	668
7122	256
7123	816
7124	152
7125	52
7126	56
7127	36
7128	112
7129	8
713	124
7130	56
7131	60
7132	996
7133	48
7134	108
7135	244
7136	136
7137	1272
7138	16
7139	1764
714	2348
7140	3
7141	60
7142	216
7143	6568
7144	2
7145	2
7146	6
7147	7052
7148	8
7149	1972
715	208
7150	704
7151	560
7152	80
7153	7448
7154	1324
7155	380
7156	1644
7157	68
7158	1504
7159	9
716	276
7160	2496
7161	856
7162	2552
7163	1544
7164	820
7165	216
7166	8
7167	140
7168	28
7169	288
717	80
7170	28
7171	112
7172	36
7173	1732
7174	48
7175	160
7176	40
7177	248
7178	324
7179	128
718	660
7180	16
7181	64
7182	32
7183	44
7184	24
7185	20
7186	28
7187	24
7188	44
7189	44
719	5672
7190	64
7191	56
7192	24
7193	476
7194	48
7195	28
7196	28
7197	18
7198	52
7199	180
72	456
720	5792
7200	24
7201	68
7202	24
7203	68
7204	12
7205	152
7206	112
7207	108
7208	76
7209	364
721	21
7210	164
7211	36
7212	84
7213	12
7214	8
7215	292
7216	160
7217	120
7218	100
7219	36
722	108
7220	28
7221	28
7222	116
7223	100
7224	16
7225	80
7226	21
7227	76
7228	260
7229	24
723	36
7230	20
7231	24
7232	16
7233	2
7234	208
7235	592
7236	80
7237	32
7238	72
7239	40
724	2612
7240	40
7241	44
7242	9
7243	60
7244	40
7245	4
7246	4
7247	464
7248	21
7249	28
725	624
7250	44
7251	24
7252	24
7253	8
7254	1932
7255	232
7256	536
7257	144
7258	108
7259	84
726	200
7260	36
7261	84
7262	20
7263	572
7264	12
7265	248
7266	52
7267	12
7268	8
7269	8
727	24
7270	28
7271	2
7272	48
7273	12
7274	20
7275	32
7276	8
7277	10
7278	12
7279	20
728	1240
7280	68
7281	16
7282	16
7283	40
7284	76
7285	688
7286	120
7287	4
7288	18
7289	8
729	80
7290	12
7291	12
7292	36
7293	2888
7294	172
7295	32
7296	4
7297	204
7298	10
7299	244
73	2180
730	84
7300	152
7301	92
7302	108
7303	532
7304	116
7305	244
7306	28
7307	192
7308	240
7309	36
731	708
7310	232
7311	356
7312	32
7313	80
7314	60
7315	96
7316	232
7317	1032
7318	2060
7319	252
732	244
7320	288
7321	232
7322	2
7323	2316
7324	1064
7325	2208
7326	128
7327	464
7328	76
7329	20
733	23656
7330	20
7331	12
7332	20
7333	96
7334	188
7335	148
7336	33
7337	16
7338	152
7339	4
734	60
7340	204
7341	32
7342	32
7343	32
7344	8
7345	208
7346	1252
7347	1508
7348	620
7349	80
735	832
7350	4
7351	27
7352	196
7353	96
7354	308
7355	148
7356	12
7357	64
7358	32
7359	68
736	26316
7360	2212
7361	11316
7362	612
7363	2
7364	300
7365	144
7366	896
7367	1360
7368	20
7369	524
737	3784
7370	6
7371	648
7372	200
7373	1468
7374	148
7375	124
7376	468
7377	108
7378	80
7379	116
738	16
7380	208
7381	540
7382	100
7383	88
7384	24
7385	52
7386	612
7387	1684
7388	28
7389	136
739	9
7390	8
7391	84
7392	32
7393	24
7394	188
7395	292
7396	280
7397	8
7398	4
7399	28
74	3276
7400	4
7401	8
7402	84
7403	36
7404	8
7405	76
7406	44
7407	20
7408	44
7409	3
741	4752
7410	124
7411	20
7412	3
7413	4
7414	64
7415	80
7416	192
7417	88
7418	56
7419	752
742	1508
7420	52
743	4580
7437	128
7438	10060
7439	808
744	68
7440	100
7441	2
7442	36
7443	12
7444	564
7445	2544
7446	8
7447	3
7448	384
7449	312
745	9104
7450	324
7451	2488
7452	1
7453	172
7454	2012
7455	3
7456	48
7457	60
7458	1904
7459	180
746	132
7460	692
7461	20
747	988
7474	20
7477	2
7478	160
7479	28
748	2204
7480	24
7481	368
7482	820
7483	6
7484	312
7485	24
7486	200
7487	84
7488	40
7489	88
749	24
7490	32
7491	48
7492	40
7493	316
75	228
750	15700
751	64
752	32
7521	8
7523	64
753	260
7537	1
754	328
7541	44
755	148
756	40
7560	604
7561	32
7562	112
7563	33
7564	176
7565	28
7566	372
7567	2
7568	1
7569	1536
757	136
7570	896
7571	40
7572	424
7573	540
7574	32
7577	96
7578	44
7579	300
758	28
7580	80
7581	140
7582	6
7583	4
7584	232
7585	24
7586	92
7587	196
759	248
76	1272
760	660
761	1544
7613	116
7614	200
7615	64
7616	132
7617	160
7618	332
7619	420
762	3580
7620	164
7621	8
7622	3
7623	8
7624	252
7625	36
7626	44
7627	8
763	32
7636	128
7637	36
7638	36
7639	3
764	276
7644	3
7645	4
7646	140
7647	124
7648	20
7649	400
765	3340
7650	28
766	1408
767	120
7675	64
768	32
769	132
7697	12
7698	644
7699	6
77	188
770	12
7700	340
7701	488
7702	116
7703	9
7704	68
7705	104
7706	240
7707	76
7708	124
771	96
7713	84
7714	116
7716	44
7719	4
772	8
7720	196
7723	16
7724	24
7725	72
7726	3
7727	44
7728	152
773	20
7730	36
7738	12
7739	24
774	28
7742	32
7743	312
7745	100
7748	120
7749	108
775	80
7750	1
7751	4
7752	6
7753	44
7754	2
7756	164
7757	216
7758	24
7759	28
776	32
7761	12
7762	224
7763	40
7764	56
7765	2
7766	612
7767	76
7768	8
7769	8
777	20
7770	8
7771	360
7772	12
7773	228
7774	12
7775	36
778	7684
7781	296
7782	88
7783	4
7784	20
7785	40
7786	36
7787	92
7789	44
779	412
7790	84
7791	240
7792	136
78	1124
780	16476
7802	712
7808	3
7809	140
781	744
7810	196
7811	96
7812	168
7813	8
7814	4
7815	48
7816	3
7817	188
7818	48
782	1200
7820	196
7821	4
7822	48
7823	1
7824	3
7825	4
7826	224
7827	372
7828	8
783	6776
7831	248
7832	164
7833	216
7834	288
7835	108
7836	636
7837	12
7838	3
7839	4
784	11120
7840	164
7841	604
7842	552
7843	44
7844	148
7845	292
7846	100
7847	52
785	3892
786	13184
787	56
7872	20
7878	12
7879	148
788	6832
7880	12
7881	24
7882	24
7883	56
7884	88
7885	12
7886	28
7887	12
7888	176
7889	88
789	44
7890	24
7891	96
7892	36
7893	24
7894	128
7895	84
7896	56
7897	84
7898	20
7899	132
79	2236
790	64
7900	21
7901	20
791	116
7912	20
7913	28
7914	48
7915	164
7916	56
7917	36
7918	100
7919	48
792	24
7920	84
7921	32
7922	56
7923	52
7924	264
7925	564
7926	352
7928	16
793	128
7930	156
7931	12
7932	160
7933	164
7934	288
7935	12
7936	36
7937	188
7938	88
7939	172
794	28
7940	72
7941	76
7942	80
7943	136
7944	152
7945	4
7946	24
7947	12
7948	32
7949	16
795	116
7950	8
7951	156
7952	9
7953	12
7954	12
7958	20
7959	20
796	44
797	56
7976	152
7979	76
798	2524
7980	308
7981	1012
7982	144
7983	488
7984	52
7985	4
7986	20
7987	56
7988	16
7989	32
799	2088
7990	192
7991	88
7992	12
7993	28
7994	20
7995	8
8	1288
80	248
800	6472
8003	8
8004	24
8007	8
8008	308
8009	8
801	1412
8010	272
8011	304
8012	164
8013	48
8014	320
8015	192
8016	100
8017	64
8019	136
802	10344
8024	40
8025	52
803	208
8033	264
8035	32
8037	8
8038	2
8039	160
804	1928
8040	28
8041	8
8042	432
8043	60
8044	88
8045	284
805	4364
8056	52
8057	16
806	440
8062	40
8063	56
8068	4
8069	12
807	88
8070	28
808	352
809	1228
8092	20
8093	68
8094	132
8095	6
81	1296
810	1448
8117	92
8118	48
8119	80
812	8
8120	8
8121	164
8122	2
8123	36
8124	12
8125	112
8126	44
8127	36
8128	200
8129	28
813	180
8130	16
8131	68
8132	880
8133	24
8134	60
8136	3
8137	4
8138	16
8139	4
814	4
8140	16
8141	4
8142	56
8143	32
8147	148
8148	2
8149	12
815	4
8153	44
8154	280
8157	220
8158	184
816	20
8167	128
8168	12
8169	272
818	1032
8183	184
8187	8
8188	56
8189	36
819	16
8190	48
8191	76
8194	32
8195	96
8196	56
8197	100
8198	12
8199	56
82	1132
820	20
8201	44
8202	12
8203	4
8206	20
8207	540
8208	28
821	8
822	16
8220	9
8221	72
8222	80
8224	4
8225	356
8227	36
8228	1804
823	24
8232	24
8235	68
8236	44
8237	3
8238	16
8239	72
824	236
8240	16
8241	4
825	12
8252	20
8253	524
8254	128
8255	20
8256	24
8257	40
8258	24
8259	60
826	12
8260	44
8261	136
8262	3
8263	8
8264	112
8265	20
8266	416
8267	12
8268	304
8269	12
827	124
8270	112
8272	40
8273	64
8275	56
828	596
829	1500
8290	28
8291	176
8292	24
8293	36
8294	4
8295	88
83	264
830	4880
8302	28
831	188
832	5396
8327	180
8329	9
833	1188
8330	48
8331	60
8332	68
8334	152
8335	2
8336	64
8337	280
8338	216
8339	3
834	76
8340	664
8341	172
835	352
836	1756
8360	4032
8361	1688
8362	180
8363	88
8364	108
8365	52
8366	652
8367	36
8368	3084
8369	264
837	1604
8370	588
8371	772
8372	288
8373	496
8374	16
8375	36
8376	1800
8377	20
8378	88
8379	80
838	3064
8380	20
8381	12
8382	16
8383	40
8384	16
8385	36
8387	292
8388	16
839	1452
8391	12
8392	4
8393	20
8394	1
8395	32
8397	12
8398	4
8399	4
84	60
840	248
8400	32
8401	92
8402	16
8403	4
8404	104
8405	84
8407	28
841	140
8410	32
8411	3
842	804
8421	16
8422	16
8423	12
8424	4
8425	12
8426	24
8427	8
843	24
844	100
8446	52
8447	56
845	48
8450	4
8451	104
8452	9
8453	12
8454	32
8455	6
8456	52
8457	6
8458	6
8459	68
846	144
8460	36
8461	3
8462	12
8463	20
8464	2548
8465	8
847	48
8477	124
8478	12
848	788
8480	12
8481	32
8482	224
8483	16
8484	24
8485	40
8486	40
8487	32
8488	44
849	2560
8491	400
8492	180
8493	1124
8494	36
8495	104
8496	24
8499	100
85	1028
850	180
8501	212
8502	100
8503	16
8504	56
8505	24
8506	44
8507	304
851	1356
8511	24
8512	208
8516	56
8518	24
8519	3
852	4520
8520	48
8521	64
8522	16
8524	8
8525	24
8526	312
8527	72
8528	1560
8529	1332
853	48
8530	200
8531	348
8532	128
8533	724
8534	36
8535	104
8536	4
8537	56
854	56
8540	12
8541	4
8542	348
8543	32
8544	21
8545	2
855	20
856	12
857	8
8571	40
8572	24
8573	44
8574	88
8575	80
8576	176
8577	20
8578	44
8579	8
858	13228
8580	92
8581	404
8582	132
8583	4
8584	36
8585	44
8586	12
8587	16
8588	16
8589	396
859	4
8591	116
8592	4
8593	76
8594	9
8595	60
8596	752
8597	3
8598	8
8599	6
86	1728
860	344
8600	112
8601	52
8602	20
8603	12
8604	188
8605	136
8606	8
8607	296
8608	24
8609	100
861	956
8610	592
8611	24
8612	96
8613	12
8614	532
8615	8
8616	36
8617	24
8618	124
8619	4
862	360
8620	68
8621	12
8622	2408
8623	1884
8624	6
8625	12
8626	44
8627	2
8628	6
8629	20
8630	9
8631	20
8632	16
8633	476
8634	72
8635	12
8636	9392
8637	8
8638	1792
8639	96
864	84
8640	508
8641	2504
8642	24
8643	256
8644	2096
8645	1484
8646	3
8647	12
8648	8
8649	24
865	24
8650	44
8651	40
8652	18
8653	8
8654	24
8655	8
8656	196
8657	20
8658	32
8659	3
866	5292
8660	6
8661	76
8662	44
8663	12
8664	8
8665	3532
8666	360
8667	92
8668	2
8669	12
867	304
8670	72
8671	16
8672	8
8673	8
8674	12
8675	132
8676	24
8677	30
8678	24
8679	9
868	44
8680	20
8681	16
8682	9
8683	28
8684	144
8685	8
8686	12
8687	8
8688	16
8689	32
869	456
8690	244
8691	2
8692	12
8693	8
8694	4
8695	52
8696	16
8697	4
8698	24
8699	6
87	368
870	372
8700	16
8701	96
8702	16
8703	16
8704	3
8705	20
8706	12
8707	2
8708	2
8709	32
871	68
8710	36
8711	304
8712	116
8713	112
8714	12
8715	20
8716	12
8717	12
8718	44
8719	24
872	8
8720	128
8721	33
8722	52
8723	6
8724	108
8725	80
8726	76
8727	56
8728	21
8729	16
873	56
8730	60
8731	228
8732	52
8733	40
8734	12
8735	20
8736	4
8737	3
8738	80
8739	72
874	68
8740	20
8741	12
8742	8
8743	28
8744	15
8745	48
8746	48
8747	44
8748	20
8749	20
875	380
8750	3
8751	128
8752	24
8753	88
8754	92
8755	52
8756	6
8757	4
8758	20
8759	4
876	112
8760	12
8761	24
8762	16
8763	4
8764	2
8765	56
8766	32
8767	32
8768	68
8769	24
877	176
8770	9
8771	12
8772	104
8773	48
8774	4
8775	4
8776	2
8777	12
8778	20
8779	108
878	12
8780	28
8781	768
8782	168
8783	1140
8784	5160
8785	16
8786	64
8787	28
8788	36
8789	12
879	1888
8790	4
8791	3
8792	4
8793	36
8794	16
8795	84
8796	148
8797	100
8798	2028
8799	164
88	1532
880	4348
8800	120
8801	36
8802	6
8803	18
8804	12
8805	44
8806	3
8807	1892
8808	208
8809	272
881	452
8810	2060
8811	28
8812	6
8813	96
8814	396
8815	136
8816	28
8817	8
8818	32
8819	4
882	740
8820	12
8821	28
8822	16
8823	36
8824	4
8825	24
8826	16
8827	716
8828	4
8829	24
8830	116
8831	248
8832	48
8833	420
8834	12
8835	152
8836	136
8837	9
8838	136
8839	84
884	16
8840	24
8841	28
8842	10
8843	4
8844	40
8845	16
8846	68
8847	20
8848	104
8849	12
885	568
8850	28
8851	40
8852	8
8853	12
8854	20
8855	64
8856	4
8857	12
8858	8
8859	100
886	668
8860	836
8861	500
8862	208
8864	100
8865	2016
8866	336
8867	48
8868	12
8869	196
887	28
8870	836
8871	12
8872	128
8873	924
8874	5040
8875	24
8876	21
8877	3
8878	8
8879	296
888	232
8880	412
8881	12
8882	28
8883	3
8884	108
8885	44
8886	4
8887	24
8888	2
8889	16
889	96
8890	4
8891	40
8892	8
8893	44
8894	80
8895	16
8896	8
8897	12
8898	12
8899	76
89	1436
890	24
8900	36
8901	12
8902	4
8903	48
8904	4
8905	60
8906	224
8907	492
8908	500
8909	2
891	664
8910	2240
8911	20
8912	368
8913	16
8914	920
8915	120
8916	520
8917	1424
8918	104
8919	92
892	1076
8920	40
8921	44
8922	12
8923	140
8924	44
8925	4
8926	12
8927	100
8928	140
8929	84
893	320
8930	168
8931	68
8932	84
8933	124
8934	176
8935	8
8936	8
8937	472
8938	136
8939	224
894	12
8940	2
8941	16
8942	4
8943	128
8944	9
8945	2
8946	52
8947	1224
8948	344
8949	5036
895	20
8950	2400
8951	292
8952	6
8953	3
8954	12
8955	108
8956	72
8957	1548
8958	2788
8959	172
896	364
8960	8
8961	11352
8962	8
8963	60
8964	8
8965	928
8966	636
8967	196
8968	296
8969	1372
897	328
8970	4444
8971	20
8972	2660
8973	424
8974	480
8975	4
8976	8
8977	472
8978	228
8979	28
898	4636
8980	8
8981	2388
8982	104
8983	2768
8984	1688
8985	1208
8986	32
8987	84
8988	48
8989	192
899	3520
8990	36
8991	32
8992	20
8993	12
8994	48
8995	16
8996	24
8997	12
8998	280
8999	80
9	3372
90	104
900	2328
9000	52
9001	64
9002	12
9003	24
9004	120
9005	240
9006	3
9007	6
9008	4
9009	3
901	1140
9010	324
9011	28
9012	4
9013	32
9014	24
9015	16
9016	9
9017	6
9018	216
9019	8
902	3160
903	5084
904	5420
905	1592
906	720
907	352
908	5004
909	1692
910	3456
911	1316
912	7692
913	4496
914	3044
915	1728
916	1936
917	368
918	740
919	7996
92	852
920	5400
921	960
922	2312
923	5652
924	8568
925	36
926	1524
927	376
928	1720
929	304
93	824
930	1556
931	940
932	768
933	1788
934	1316
935	248
936	520
937	196
938	636
939	32
94	1496
940	1436
941	324
942	1068
943	616
944	472
945	824
946	512
947	612
948	668
949	720
95	9128
950	1140
951	1384
952	856
953	4924
954	1768
955	1640
956	132
957	108
958	40
959	180
96	152
960	88
961	80
962	44
963	176
964	100
965	1240
966	32
967	64
968	2896
969	3656
97	584
970	152
971	1188
972	32
973	396
974	40
975	4
976	144
977	4
979	12
98	48
980	40
981	64
982	272
983	4
984	88
985	16
986	968
987	184
988	224
989	12
99	272
990	400
991	880
992	88
993	80
994	2172
996	1336
997	116
998	316
999	1292
